datahora,chuva_mm,etp_mm,q_m3s
2019-03-20T00:00:00+00:00,7.630,0.000,13.915
2019-03-20T06:00:00+00:00,0.190,0.000,13.895
2019-03-20T12:00:00+00:00,0.000,1.795,17.007
2019-03-20T18:00:00+00:00,0.110,1.795,17.140
2019-03-21T00:00:00+00:00,15.330,0.000,24.660
2019-03-21T06:00:00+00:00,0.140,0.000,22.657
2019-03-21T12:00:00+00:00,0.050,1.727,20.408
2019-03-21T18:00:00+00:00,0.680,1.727,20.647
2019-03-22T00:00:00+00:00,0.050,0.000,19.522
2019-03-22T06:00:00+00:00,0.000,0.000,18.202
2019-03-22T12:00:00+00:00,0.000,1.619,17.288
2019-03-22T18:00:00+00:00,0.000,1.619,16.448
2019-03-23T00:00:00+00:00,0.000,0.000,15.895
2019-03-23T06:00:00+00:00,0.000,0.000,15.437
2019-03-23T12:00:00+00:00,0.000,1.624,15.122
2019-03-23T18:00:00+00:00,0.000,1.624,14.792
2019-03-24T00:00:00+00:00,0.000,0.000,14.415
2019-03-24T06:00:00+00:00,0.000,0.000,14.272
2019-03-24T12:00:00+00:00,0.000,1.913,13.970
2019-03-24T18:00:00+00:00,0.000,1.913,13.818
2019-03-25T00:00:00+00:00,0.000,0.000,13.597
2019-03-25T06:00:00+00:00,0.000,0.000,13.583
2019-03-25T12:00:00+00:00,0.000,2.093,13.327
2019-03-25T18:00:00+00:00,0.000,2.093,13.197
2019-03-26T00:00:00+00:00,0.050,0.000,13.050
2019-03-26T06:00:00+00:00,0.000,0.000,13.210
2019-03-26T12:00:00+00:00,0.000,1.805,12.807
2019-03-26T18:00:00+00:00,0.000,1.805,12.707
2019-03-27T00:00:00+00:00,0.000,0.000,12.750
2019-03-27T06:00:00+00:00,0.000,0.000,12.450
2019-03-27T12:00:00+00:00,0.000,1.665,12.533
2019-03-27T18:00:00+00:00,0.000,1.665,12.347
2019-03-28T00:00:00+00:00,0.000,0.000,12.220
2019-03-28T06:00:00+00:00,0.000,0.000,12.203
2019-03-28T12:00:00+00:00,0.000,1.674,12.363
2019-03-28T18:00:00+00:00,0.000,1.674,12.727
2019-03-29T00:00:00+00:00,0.000,0.000,12.400
2019-03-29T06:00:00+00:00,0.000,0.000,12.358
2019-03-29T12:00:00+00:00,0.000,1.715,12.083
2019-03-29T18:00:00+00:00,0.000,1.715,11.720
2019-03-30T00:00:00+00:00,0.000,0.000,11.667
2019-03-30T06:00:00+00:00,0.000,0.000,11.620
2019-03-30T12:00:00+00:00,0.000,1.813,11.623
2019-03-30T18:00:00+00:00,0.000,1.813,11.443
2019-03-31T00:00:00+00:00,0.000,0.000,11.338
2019-03-31T06:00:00+00:00,0.000,0.000,11.375
2019-03-31T12:00:00+00:00,0.000,1.765,11.305
2019-03-31T18:00:00+00:00,0.000,1.765,11.153
2019-04-01T00:00:00+00:00,0.000,0.000,11.060
2019-04-01T06:00:00+00:00,0.000,0.000,11.193
2019-04-01T12:00:00+00:00,0.000,2.022,11.160
2019-04-01T18:00:00+00:00,0.000,2.022,11.125
2019-04-02T00:00:00+00:00,0.000,0.000,10.845
2019-04-02T06:00:00+00:00,0.000,0.000,10.972
2019-04-02T12:00:00+00:00,0.000,1.606,10.628
2019-04-02T18:00:00+00:00,0.000,1.606,10.967
2019-04-03T00:00:00+00:00,0.000,0.000,10.715
2019-04-03T06:00:00+00:00,0.000,0.000,10.883
2019-04-03T12:00:00+00:00,0.000,1.645,10.687
2019-04-03T18:00:00+00:00,0.000,1.645,10.963
2019-04-04T00:00:00+00:00,0.000,0.000,10.847
2019-04-04T06:00:00+00:00,0.000,0.000,10.940
2019-04-04T12:00:00+00:00,0.000,1.666,10.882
2019-04-04T18:00:00+00:00,0.000,1.666,10.787
2019-04-05T00:00:00+00:00,0.000,0.000,10.853
2019-04-05T06:00:00+00:00,0.000,0.000,10.847
2019-04-05T12:00:00+00:00,0.000,1.663,10.745
2019-04-05T18:00:00+00:00,0.000,1.663,10.837
2019-04-06T00:00:00+00:00,0.300,0.000,10.705
2019-04-06T06:00:00+00:00,0.140,0.000,10.692
2019-04-06T12:00:00+00:00,0.000,1.656,10.885
2019-04-06T18:00:00+00:00,0.000,1.656,10.813
2019-04-07T00:00:00+00:00,0.110,0.000,10.683
2019-04-07T06:00:00+00:00,0.000,0.000,11.402
2019-04-07T12:00:00+00:00,3.600,1.611,11.430
2019-04-07T18:00:00+00:00,0.930,1.611,11.732
2019-04-08T00:00:00+00:00,0.030,0.000,11.118
2019-04-08T06:00:00+00:00,0.000,0.000,11.337
2019-04-08T12:00:00+00:00,0.000,1.782,11.588
2019-04-08T18:00:00+00:00,0.000,1.782,12.602
2019-04-09T00:00:00+00:00,0.000,0.000,12.387
2019-04-09T06:00:00+00:00,0.000,0.000,11.790
2019-04-09T12:00:00+00:00,0.000,1.720,11.412
2019-04-09T18:00:00+00:00,0.000,1.720,11.055
2019-04-10T00:00:00+00:00,0.340,0.000,10.670
2019-04-10T06:00:00+00:00,0.000,0.000,10.833
2019-04-10T12:00:00+00:00,0.000,1.796,10.465
2019-04-10T18:00:00+00:00,0.000,1.796,10.292
2019-04-11T00:00:00+00:00,0.000,0.000,10.257
2019-04-11T06:00:00+00:00,0.000,0.000,10.242
2019-04-11T12:00:00+00:00,0.000,1.784,10.227
2019-04-11T18:00:00+00:00,0.000,1.784,10.047
2019-04-12T00:00:00+00:00,0.000,0.000,9.855
2019-04-12T06:00:00+00:00,0.000,0.000,9.968
2019-04-12T12:00:00+00:00,0.000,1.578,9.887
2019-04-12T18:00:00+00:00,0.000,1.578,9.740
2019-04-13T00:00:00+00:00,0.000,0.000,9.862
2019-04-13T06:00:00+00:00,0.000,0.000,9.695
2019-04-13T12:00:00+00:00,0.050,1.652,9.648
2019-04-13T18:00:00+00:00,0.000,1.652,9.510
2019-04-14T00:00:00+00:00,0.000,0.000,9.447
2019-04-14T06:00:00+00:00,0.280,0.000,9.502
2019-04-14T12:00:00+00:00,0.050,1.618,9.560
2019-04-14T18:00:00+00:00,0.000,1.618,9.322
2019-04-15T00:00:00+00:00,0.000,0.000,9.377
2019-04-15T06:00:00+00:00,0.000,0.000,9.453
2019-04-15T12:00:00+00:00,0.000,1.629,9.340
2019-04-15T18:00:00+00:00,0.000,1.629,9.425
2019-04-16T00:00:00+00:00,0.000,0.000,9.243
2019-04-16T06:00:00+00:00,0.000,0.000,9.243
2019-04-16T12:00:00+00:00,0.000,1.470,9.335
2019-04-16T18:00:00+00:00,0.000,1.470,9.240
2019-04-17T00:00:00+00:00,2.530,0.000,9.233
2019-04-17T06:00:00+00:00,0.140,0.000,9.233
2019-04-17T12:00:00+00:00,0.030,1.755,9.508
2019-04-17T18:00:00+00:00,0.000,1.755,9.417
2019-04-18T00:00:00+00:00,0.000,0.000,9.600
2019-04-18T06:00:00+00:00,0.000,0.000,9.692
2019-04-18T12:00:00+00:00,0.050,1.597,9.600
2019-04-18T18:00:00+00:00,0.000,1.597,9.050
2019-04-19T00:00:00+00:00,0.000,0.000,8.958
2019-04-19T06:00:00+00:00,0.000,0.000,8.952
2019-04-19T12:00:00+00:00,0.000,1.614,8.765
2019-04-19T18:00:00+00:00,0.000,1.614,8.857
2019-04-20T00:00:00+00:00,0.000,0.000,8.578
2019-04-20T06:00:00+00:00,0.000,0.000,8.755
2019-04-20T12:00:00+00:00,0.000,1.595,8.938
2019-04-20T18:00:00+00:00,0.000,1.595,8.477
2019-04-21T00:00:00+00:00,0.000,0.000,8.653
2019-04-21T06:00:00+00:00,0.000,0.000,8.653
2019-04-21T12:00:00+00:00,0.000,1.377,8.738
2019-04-21T18:00:00+00:00,0.000,1.377,8.552
2019-04-22T00:00:00+00:00,0.000,0.000,8.643
2019-04-22T06:00:00+00:00,0.000,0.000,8.635
2019-04-22T12:00:00+00:00,0.000,1.366,8.817
2019-04-22T18:00:00+00:00,0.030,1.366,8.633
2019-04-23T00:00:00+00:00,0.030,0.000,8.718
2019-04-23T06:00:00+00:00,0.000,0.000,8.807
2019-04-23T12:00:00+00:00,0.000,1.395,8.807
2019-04-23T18:00:00+00:00,0.000,1.395,8.895
2019-04-24T00:00:00+00:00,0.000,0.000,8.705
2019-04-24T06:00:00+00:00,0.000,0.000,8.705
2019-04-24T12:00:00+00:00,0.000,1.487,8.795
2019-04-24T18:00:00+00:00,0.000,1.487,8.695
2019-04-25T00:00:00+00:00,0.000,0.000,8.603
2019-04-25T06:00:00+00:00,0.000,0.000,8.417
2019-04-25T12:00:00+00:00,0.000,1.351,8.593
2019-04-25T18:00:00+00:00,0.000,1.351,8.685
2019-04-26T00:00:00+00:00,0.520,0.000,8.403
2019-04-26T06:00:00+00:00,0.000,0.000,8.400
2019-04-26T12:00:00+00:00,0.050,1.223,8.303
2019-04-26T18:00:00+00:00,0.000,1.223,9.307
2019-04-27T00:00:00+00:00,3.050,0.000,9.123
2019-04-27T06:00:00+00:00,0.030,0.000,8.940
2019-04-27T12:00:00+00:00,0.000,1.572,10.040
2019-04-27T18:00:00+00:00,0.000,1.572,10.223
2019-04-28T00:00:00+00:00,5.490,0.000,10.598
2019-04-28T06:00:00+00:00,0.460,0.000,11.058
2019-04-28T12:00:00+00:00,7.100,1.219,12.533
2019-04-28T18:00:00+00:00,39.570,1.219,17.778
2019-04-29T00:00:00+00:00,0.200,0.000,22.583
2019-04-29T06:00:00+00:00,0.000,0.000,25.723
2019-04-29T12:00:00+00:00,0.140,1.300,28.482
2019-04-29T18:00:00+00:00,0.050,1.300,24.012
2019-04-30T00:00:00+00:00,0.000,0.000,20.607
2019-04-30T06:00:00+00:00,0.000,0.000,18.575
2019-04-30T12:00:00+00:00,0.000,1.329,15.883
2019-04-30T18:00:00+00:00,0.000,1.329,13.973
2019-05-01T00:00:00+00:00,0.000,0.000,12.293
2019-05-01T06:00:00+00:00,0.000,0.000,11.407
2019-05-01T12:00:00+00:00,0.000,1.325,11.005
2019-05-01T18:00:00+00:00,0.000,1.325,10.547
2019-05-02T00:00:00+00:00,0.000,0.000,10.148
2019-05-02T06:00:00+00:00,0.000,0.000,10.210
2019-05-02T12:00:00+00:00,0.000,1.299,10.083
2019-05-02T18:00:00+00:00,0.000,1.299,9.743
2019-05-03T00:00:00+00:00,0.000,0.000,9.605
2019-05-03T06:00:00+00:00,0.000,0.000,9.720
2019-05-03T12:00:00+00:00,0.000,1.396,9.685
2019-05-03T18:00:00+00:00,0.000,1.396,9.362
2019-05-04T00:00:00+00:00,0.000,0.000,9.240
2019-05-04T06:00:00+00:00,0.000,0.000,9.240
2019-05-04T12:00:00+00:00,0.000,1.245,9.347
2019-05-04T18:00:00+00:00,0.000,1.245,8.997
2019-05-05T00:00:00+00:00,0.000,0.000,9.047
2019-05-05T06:00:00+00:00,0.000,0.000,8.968
2019-05-05T12:00:00+00:00,0.000,1.131,8.968
2019-05-05T18:00:00+00:00,0.000,1.131,8.867
2019-05-06T00:00:00+00:00,0.000,0.000,8.775
2019-05-06T06:00:00+00:00,0.000,0.000,8.775
2019-05-06T12:00:00+00:00,0.000,1.129,8.768
2019-05-06T18:00:00+00:00,0.050,1.129,8.765
2019-05-07T00:00:00+00:00,0.240,0.000,8.490
2019-05-07T06:00:00+00:00,0.000,0.000,8.847
2019-05-07T12:00:00+00:00,0.000,1.345,8.663
2019-05-07T18:00:00+00:00,1.940,1.345,9.305
2019-05-08T00:00:00+00:00,8.210,0.000,9.947
2019-05-08T06:00:00+00:00,0.030,0.000,10.680
2019-05-08T12:00:00+00:00,0.000,1.229,13.345
2019-05-08T18:00:00+00:00,0.030,1.229,12.168
2019-05-09T00:00:00+00:00,0.000,0.000,10.447
2019-05-09T06:00:00+00:00,0.000,0.000,9.430
2019-05-09T12:00:00+00:00,0.000,1.144,9.243
2019-05-09T18:00:00+00:00,0.000,1.144,8.877
2019-05-10T00:00:00+00:00,0.000,0.000,8.870
2019-05-10T06:00:00+00:00,0.000,0.000,8.775
2019-05-10T12:00:00+00:00,0.000,1.116,8.683
2019-05-10T18:00:00+00:00,0.000,1.116,8.495
2019-05-11T00:00:00+00:00,0.000,0.000,8.582
2019-05-11T06:00:00+00:00,7.190,0.000,9.315
2019-05-11T12:00:00+00:00,2.590,1.048,9.498
2019-05-11T18:00:00+00:00,0.110,1.048,8.945
2019-05-12T00:00:00+00:00,2.980,0.000,10.317
2019-05-12T06:00:00+00:00,3.330,0.000,10.137
2019-05-12T12:00:00+00:00,0.090,1.025,11.425
2019-05-12T18:00:00+00:00,0.110,1.025,12.350
2019-05-13T00:00:00+00:00,0.000,0.000,13.163
2019-05-13T06:00:00+00:00,0.000,0.000,12.112
2019-05-13T12:00:00+00:00,0.000,1.072,10.912
2019-05-13T18:00:00+00:00,0.000,1.072,10.043
2019-05-14T00:00:00+00:00,0.000,0.000,9.623
2019-05-14T06:00:00+00:00,0.000,0.000,9.248
2019-05-14T12:00:00+00:00,0.000,1.094,9.605
2019-05-14T18:00:00+00:00,0.000,1.094,10.168
2019-05-15T00:00:00+00:00,0.000,0.000,10.213
2019-05-15T06:00:00+00:00,0.000,0.000,9.720
2019-05-15T12:00:00+00:00,0.060,1.165,9.035
2019-05-15T18:00:00+00:00,0.000,1.165,8.795
2019-05-16T00:00:00+00:00,0.000,0.000,8.590
2019-05-16T06:00:00+00:00,0.000,0.000,8.510
2019-05-16T12:00:00+00:00,0.000,1.155,8.412
2019-05-16T18:00:00+00:00,0.090,1.155,8.592
2019-05-17T00:00:00+00:00,0.000,0.000,8.310
2019-05-17T06:00:00+00:00,0.000,0.000,8.307
2019-05-17T12:00:00+00:00,0.000,1.059,8.117
2019-05-17T18:00:00+00:00,0.000,1.059,8.113
2019-05-18T00:00:00+00:00,0.000,0.000,8.013
2019-05-18T06:00:00+00:00,0.000,0.000,8.008
2019-05-18T12:00:00+00:00,0.000,0.818,8.002
2019-05-18T18:00:00+00:00,0.000,0.818,7.903
2019-05-19T00:00:00+00:00,0.000,0.000,7.898
2019-05-19T06:00:00+00:00,0.000,0.000,7.798
2019-05-19T12:00:00+00:00,0.000,0.920,7.885
2019-05-19T18:00:00+00:00,0.000,0.920,7.880
2019-05-20T00:00:00+00:00,0.000,0.000,7.870
2019-05-20T06:00:00+00:00,0.000,0.000,7.773
2019-05-20T12:00:00+00:00,0.000,1.043,7.860
2019-05-20T18:00:00+00:00,0.000,1.043,7.667
2019-05-21T00:00:00+00:00,0.000,0.000,7.845
2019-05-21T06:00:00+00:00,0.000,0.000,7.747
2019-05-21T12:00:00+00:00,0.050,0.980,7.647
2019-05-21T18:00:00+00:00,0.000,0.980,7.548
2019-05-22T00:00:00+00:00,0.000,0.000,7.633
2019-05-22T06:00:00+00:00,0.000,0.000,7.443
2019-05-22T12:00:00+00:00,0.000,0.955,7.708
2019-05-22T18:00:00+00:00,0.000,0.955,7.518
2019-05-23T00:00:00+00:00,0.000,0.000,7.420
2019-05-23T06:00:00+00:00,0.000,0.000,7.503
2019-05-23T12:00:00+00:00,1.810,0.818,7.862
2019-05-23T18:00:00+00:00,2.580,0.818,8.222
2019-05-24T00:00:00+00:00,15.130,0.000,11.063
2019-05-24T06:00:00+00:00,23.040,0.000,13.458
2019-05-24T12:00:00+00:00,0.690,0.719,14.943
2019-05-24T18:00:00+00:00,0.080,0.719,16.250
2019-05-25T00:00:00+00:00,0.000,0.000,18.203
2019-05-25T06:00:00+00:00,0.000,0.000,15.945
2019-05-25T12:00:00+00:00,0.000,0.971,13.950
2019-05-25T18:00:00+00:00,0.000,0.971,12.315
2019-05-26T00:00:00+00:00,0.000,0.000,11.040
2019-05-26T06:00:00+00:00,0.000,0.000,10.222
2019-05-26T12:00:00+00:00,0.000,1.067,9.672
2019-05-26T18:00:00+00:00,0.000,1.067,9.122
2019-05-27T00:00:00+00:00,0.000,0.000,8.847
2019-05-27T06:00:00+00:00,0.000,0.000,8.747
2019-05-27T12:00:00+00:00,0.050,0.854,8.653
2019-05-27T18:00:00+00:00,0.000,0.854,8.377
2019-05-28T00:00:00+00:00,0.000,0.000,8.277
2019-05-28T06:00:00+00:00,0.000,0.000,8.183
2019-05-28T12:00:00+00:00,0.000,0.852,8.358
2019-05-28T18:00:00+00:00,4.850,0.852,8.540
2019-05-29T00:00:00+00:00,4.530,0.000,9.083
2019-05-29T06:00:00+00:00,1.900,0.000,8.898
2019-05-29T12:00:00+00:00,0.140,0.887,9.357
2019-05-29T18:00:00+00:00,0.050,0.887,9.998
2019-05-30T00:00:00+00:00,0.000,0.000,9.723
2019-05-30T06:00:00+00:00,0.000,0.000,9.815
2019-05-30T12:00:00+00:00,0.110,0.802,9.173
2019-05-30T18:00:00+00:00,0.160,0.802,8.990
2019-05-31T00:00:00+00:00,1.160,0.000,8.898
2019-05-31T06:00:00+00:00,0.030,0.000,8.618
2019-05-31T12:00:00+00:00,0.050,0.875,8.522
2019-05-31T18:00:00+00:00,0.030,0.875,8.208
2019-06-01T00:00:00+00:00,6.440,0.000,16.438
2019-06-01T06:00:00+00:00,4.950,0.000,18.587
2019-06-01T12:00:00+00:00,2.570,0.749,20.748
2019-06-01T18:00:00+00:00,3.610,0.749,20.562
2019-06-02T00:00:00+00:00,3.170,0.000,22.775
2019-06-02T06:00:00+00:00,0.740,0.000,27.763
2019-06-02T12:00:00+00:00,9.200,0.703,29.240
2019-06-02T18:00:00+00:00,2.660,0.703,29.660
2019-06-03T00:00:00+00:00,14.510,0.000,36.213
2019-06-03T06:00:00+00:00,17.310,0.000,49.693
2019-06-03T12:00:00+00:00,0.140,0.805,49.118
2019-06-03T18:00:00+00:00,0.030,0.805,47.972
2019-06-04T00:00:00+00:00,0.000,0.000,44.758
2019-06-04T06:00:00+00:00,0.050,0.000,38.568
2019-06-04T12:00:00+00:00,0.000,0.725,30.277
2019-06-04T18:00:00+00:00,0.000,0.725,24.885
2019-06-05T00:00:00+00:00,0.000,0.000,21.832
2019-06-05T06:00:00+00:00,0.000,0.000,18.853
2019-06-05T12:00:00+00:00,0.000,0.723,16.872
2019-06-05T18:00:00+00:00,0.000,0.723,15.710
2019-06-06T00:00:00+00:00,0.000,0.000,14.727
2019-06-06T06:00:00+00:00,0.000,0.000,14.013
2019-06-06T12:00:00+00:00,0.000,0.736,13.663
2019-06-06T18:00:00+00:00,0.000,0.736,12.947
2019-06-07T00:00:00+00:00,0.000,0.000,12.593
2019-06-07T06:00:00+00:00,0.000,0.000,12.422
2019-06-07T12:00:00+00:00,0.050,0.799,12.158
2019-06-07T18:00:00+00:00,0.000,0.799,11.893
2019-06-08T00:00:00+00:00,0.000,0.000,11.627
2019-06-08T06:00:00+00:00,0.000,0.000,11.452
2019-06-08T12:00:00+00:00,0.050,0.993,11.367
2019-06-08T18:00:00+00:00,0.000,0.993,11.190
2019-06-09T00:00:00+00:00,0.000,0.000,11.015
2019-06-09T06:00:00+00:00,0.000,0.000,10.833
2019-06-09T12:00:00+00:00,0.000,0.840,10.843
2019-06-09T18:00:00+00:00,0.000,0.840,10.477
2019-06-10T00:00:00+00:00,0.000,0.000,10.485
2019-06-10T06:00:00+00:00,0.000,0.000,10.487
2019-06-10T12:00:00+00:00,0.000,0.927,10.395
2019-06-10T18:00:00+00:00,0.000,0.927,10.220
2019-06-11T00:00:00+00:00,0.000,0.000,10.130
2019-06-11T06:00:00+00:00,0.000,0.000,10.130
2019-06-11T12:00:00+00:00,0.050,1.045,10.038
2019-06-11T18:00:00+00:00,0.000,1.045,9.947
2019-06-12T00:00:00+00:00,0.000,0.000,9.955
2019-06-12T06:00:00+00:00,0.000,0.000,9.865
2019-06-12T12:00:00+00:00,0.000,0.916,9.957
2019-06-12T18:00:00+00:00,0.000,0.916,9.590
2019-06-13T00:00:00+00:00,0.000,0.000,9.682
2019-06-13T06:00:00+00:00,0.000,0.000,9.590
2019-06-13T12:00:00+00:00,0.000,0.984,9.773
2019-06-13T18:00:00+00:00,0.000,0.984,9.498
2019-06-14T00:00:00+00:00,0.000,0.000,9.407
2019-06-14T06:00:00+00:00,0.000,0.000,9.498
2019-06-14T12:00:00+00:00,0.000,0.842,9.590
2019-06-14T18:00:00+00:00,0.000,0.842,9.407
2019-06-15T00:00:00+00:00,0.000,0.000,9.407
2019-06-15T06:00:00+00:00,0.000,0.000,9.315
2019-06-15T12:00:00+00:00,0.050,0.973,9.498
2019-06-15T18:00:00+00:00,0.000,0.973,9.127
2019-06-16T00:00:00+00:00,0.000,0.000,9.305
2019-06-16T06:00:00+00:00,0.000,0.000,9.122
2019-06-16T12:00:00+00:00,0.000,0.927,9.122
2019-06-16T18:00:00+00:00,0.000,0.927,9.213
2019-06-17T00:00:00+00:00,0.000,0.000,8.938
2019-06-17T06:00:00+00:00,0.000,0.000,9.022
2019-06-17T12:00:00+00:00,0.050,1.028,9.020
2019-06-17T18:00:00+00:00,0.000,1.028,8.837
2019-06-18T00:00:00+00:00,0.000,0.000,8.837
2019-06-18T06:00:00+00:00,0.000,0.000,8.828
2019-06-18T12:00:00+00:00,0.000,0.836,8.918
2019-06-18T18:00:00+00:00,0.000,0.836,8.918
2019-06-19T00:00:00+00:00,0.000,0.000,8.642
2019-06-19T06:00:00+00:00,0.000,0.000,8.817
2019-06-19T12:00:00+00:00,0.000,0.766,8.908
2019-06-19T18:00:00+00:00,0.000,0.766,8.632
2019-06-20T00:00:00+00:00,0.000,0.000,8.623
2019-06-20T06:00:00+00:00,0.000,0.000,8.715
2019-06-20T12:00:00+00:00,0.000,0.747,8.713
2019-06-20T18:00:00+00:00,0.000,0.747,8.613
2019-06-21T00:00:00+00:00,0.000,0.000,8.613
2019-06-21T06:00:00+00:00,0.000,0.000,8.612
2019-06-21T12:00:00+00:00,0.000,0.840,8.603
2019-06-21T18:00:00+00:00,0.000,0.840,8.603
2019-06-22T00:00:00+00:00,0.000,0.000,8.415
2019-06-22T06:00:00+00:00,0.000,0.000,8.593
2019-06-22T12:00:00+00:00,0.050,0.848,8.502
2019-06-22T18:00:00+00:00,0.000,0.848,8.400
2019-06-23T00:00:00+00:00,0.000,0.000,8.400
2019-06-23T06:00:00+00:00,0.000,0.000,8.485
2019-06-23T12:00:00+00:00,0.050,0.831,8.482
2019-06-23T18:00:00+00:00,0.000,0.831,8.388
2019-06-24T00:00:00+00:00,0.000,0.000,8.288
2019-06-24T06:00:00+00:00,0.000,0.000,8.288
2019-06-24T12:00:00+00:00,0.000,0.859,8.370
2019-06-24T18:00:00+00:00,0.000,0.859,8.278
2019-06-25T00:00:00+00:00,0.000,0.000,8.178
2019-06-25T06:00:00+00:00,0.000,0.000,8.360
2019-06-25T12:00:00+00:00,0.000,0.925,8.170
2019-06-25T18:00:00+00:00,0.050,0.925,8.258
2019-06-26T00:00:00+00:00,0.000,0.000,7.977
2019-06-26T06:00:00+00:00,0.000,0.000,8.340
2019-06-26T12:00:00+00:00,0.000,0.706,8.150
2019-06-26T18:00:00+00:00,1.230,0.706,8.238
2019-06-27T00:00:00+00:00,0.810,0.000,8.417
2019-06-27T06:00:00+00:00,0.110,0.000,8.320
2019-06-27T12:00:00+00:00,0.000,0.818,8.778
2019-06-27T18:00:00+00:00,0.110,0.818,9.043
2019-06-28T00:00:00+00:00,0.000,0.000,9.135
2019-06-28T06:00:00+00:00,0.000,0.000,9.227
2019-06-28T12:00:00+00:00,0.000,0.828,8.860
2019-06-28T18:00:00+00:00,0.000,0.828,8.768
2019-06-29T00:00:00+00:00,0.000,0.000,8.488
2019-06-29T06:00:00+00:00,0.000,0.000,8.575
2019-06-29T12:00:00+00:00,0.000,0.815,8.392
2019-06-29T18:00:00+00:00,0.000,0.815,8.292
2019-06-30T00:00:00+00:00,0.000,0.000,8.198
2019-06-30T06:00:00+00:00,0.000,0.000,8.192
2019-06-30T12:00:00+00:00,0.000,1.025,8.097
2019-06-30T18:00:00+00:00,0.000,1.025,7.997
2019-07-01T00:00:00+00:00,0.000,0.000,7.902
2019-07-01T06:00:00+00:00,0.000,0.000,8.077
2019-07-01T12:00:00+00:00,0.000,0.877,7.888
2019-07-01T18:00:00+00:00,0.000,0.877,7.975
2019-07-02T00:00:00+00:00,0.000,0.000,7.693
2019-07-02T06:00:00+00:00,0.000,0.000,7.872
2019-07-02T12:00:00+00:00,0.000,0.860,7.955
2019-07-02T18:00:00+00:00,0.000,0.860,7.860
2019-07-03T00:00:00+00:00,0.000,0.000,7.762
2019-07-03T06:00:00+00:00,0.000,0.000,7.753
2019-07-03T12:00:00+00:00,0.000,0.825,8.117
2019-07-03T18:00:00+00:00,14.560,0.825,10.042
2019-07-04T00:00:00+00:00,0.530,0.000,9.677
2019-07-04T06:00:00+00:00,10.700,0.000,10.135
2019-07-04T12:00:00+00:00,5.940,0.942,11.055
2019-07-04T18:00:00+00:00,0.870,0.942,11.430
2019-07-05T00:00:00+00:00,0.650,0.000,11.622
2019-07-05T06:00:00+00:00,11.630,0.000,12.920
2019-07-05T12:00:00+00:00,2.430,1.007,12.198
2019-07-05T18:00:00+00:00,0.000,1.007,12.118
2019-07-06T00:00:00+00:00,0.000,0.000,11.030
2019-07-06T06:00:00+00:00,0.000,0.000,11.035
2019-07-06T12:00:00+00:00,0.000,0.980,10.032
2019-07-06T18:00:00+00:00,0.000,0.980,9.390
2019-07-07T00:00:00+00:00,0.000,0.000,8.748
2019-07-07T06:00:00+00:00,0.000,0.000,8.565
2019-07-07T12:00:00+00:00,0.030,0.945,8.190
2019-07-07T18:00:00+00:00,0.000,0.945,8.097
2019-07-08T00:00:00+00:00,0.000,0.000,8.182
2019-07-08T06:00:00+00:00,0.000,0.000,7.810
2019-07-08T12:00:00+00:00,0.000,0.890,7.985
2019-07-08T18:00:00+00:00,0.000,0.890,7.798
2019-07-09T00:00:00+00:00,0.000,0.000,7.883
2019-07-09T06:00:00+00:00,0.000,0.000,7.783
2019-07-09T12:00:00+00:00,0.000,0.919,7.687
2019-07-09T18:00:00+00:00,0.050,0.919,7.772
2019-07-10T00:00:00+00:00,0.000,0.000,7.673
2019-07-10T06:00:00+00:00,0.000,0.000,7.760
2019-07-10T12:00:00+00:00,0.000,1.040,7.660
2019-07-10T18:00:00+00:00,0.000,1.040,7.743
2019-07-11T00:00:00+00:00,0.000,0.000,7.555
2019-07-11T06:00:00+00:00,0.000,0.000,7.640
2019-07-11T12:00:00+00:00,0.000,1.006,7.540
2019-07-11T18:00:00+00:00,0.050,1.006,7.627
2019-07-12T00:00:00+00:00,0.000,0.000,7.437
2019-07-12T06:00:00+00:00,0.000,0.000,7.427
2019-07-12T12:00:00+00:00,0.000,0.968,7.510
2019-07-12T18:00:00+00:00,0.000,0.968,7.413
2019-07-13T00:00:00+00:00,0.000,0.000,7.490
2019-07-13T06:00:00+00:00,0.000,0.000,7.497
2019-07-13T12:00:00+00:00,0.000,1.033,7.403
2019-07-13T18:00:00+00:00,0.000,1.033,7.568
2019-07-14T00:00:00+00:00,0.000,0.000,7.302
2019-07-14T06:00:00+00:00,0.000,0.000,7.293
2019-07-14T12:00:00+00:00,0.000,1.128,7.457
2019-07-14T18:00:00+00:00,0.000,1.128,7.363
2019-07-15T00:00:00+00:00,0.000,0.000,7.355
2019-07-15T06:00:00+00:00,0.000,0.000,7.175
2019-07-15T12:00:00+00:00,0.000,1.064,7.338
2019-07-15T18:00:00+00:00,0.000,1.064,7.677
2019-07-16T00:00:00+00:00,3.770,0.000,7.497
2019-07-16T06:00:00+00:00,0.110,0.000,7.665
2019-07-16T12:00:00+00:00,0.090,1.001,7.483
2019-07-16T18:00:00+00:00,0.000,1.001,7.910
2019-07-17T00:00:00+00:00,0.000,0.000,8.167
2019-07-17T06:00:00+00:00,0.000,0.000,8.075
2019-07-17T12:00:00+00:00,0.000,1.013,7.637
2019-07-17T18:00:00+00:00,0.000,1.013,7.455
2019-07-18T00:00:00+00:00,0.000,0.000,7.363
2019-07-18T06:00:00+00:00,0.000,0.000,7.268
2019-07-18T12:00:00+00:00,0.050,1.029,7.173
2019-07-18T18:00:00+00:00,0.000,1.029,7.077
2019-07-19T00:00:00+00:00,0.000,0.000,7.155
2019-07-19T06:00:00+00:00,0.000,0.000,7.060
2019-07-19T12:00:00+00:00,0.000,1.070,7.052
2019-07-19T18:00:00+00:00,0.000,1.070,7.043
2019-07-20T00:00:00+00:00,0.000,0.000,7.035
2019-07-20T06:00:00+00:00,0.000,0.000,6.940
2019-07-20T12:00:00+00:00,0.000,0.989,7.190
2019-07-20T18:00:00+00:00,0.000,0.989,7.008
2019-07-21T00:00:00+00:00,0.000,0.000,6.913
2019-07-21T06:00:00+00:00,0.000,0.000,6.903
2019-07-21T12:00:00+00:00,0.000,1.006,7.068
2019-07-21T18:00:00+00:00,0.000,1.006,6.713
2019-07-22T00:00:00+00:00,0.000,0.000,6.790
2019-07-22T06:00:00+00:00,0.000,0.000,6.868
2019-07-22T12:00:00+00:00,0.000,1.083,6.945
2019-07-22T18:00:00+00:00,0.000,1.083,6.588
2019-07-23T00:00:00+00:00,0.000,0.000,6.752
2019-07-23T06:00:00+00:00,0.000,0.000,6.657
2019-07-23T12:00:00+00:00,0.000,1.107,6.820
2019-07-23T18:00:00+00:00,0.000,1.107,6.637
2019-07-24T00:00:00+00:00,0.000,0.000,6.367
2019-07-24T06:00:00+00:00,0.000,0.000,6.703
2019-07-24T12:00:00+00:00,0.000,0.998,6.780
2019-07-24T18:00:00+00:00,0.050,0.998,6.588
2019-07-25T00:00:00+00:00,0.000,0.000,6.660
2019-07-25T06:00:00+00:00,0.000,0.000,6.650
2019-07-25T12:00:00+00:00,0.000,1.172,6.720
2019-07-25T18:00:00+00:00,0.000,1.172,6.628
2019-07-26T00:00:00+00:00,0.000,0.000,6.617
2019-07-26T06:00:00+00:00,0.000,0.000,6.607
2019-07-26T12:00:00+00:00,0.000,1.210,5.868
2019-07-26T18:00:00+00:00,0.000,1.210,6.260
2019-07-27T00:00:00+00:00,0.000,0.000,4.953
2019-07-27T06:00:00+00:00,0.000,0.000,5.095
2019-07-27T12:00:00+00:00,0.000,1.156,5.238
2019-07-27T18:00:00+00:00,0.000,1.156,3.120
2019-07-28T00:00:00+00:00,0.000,0.000,3.175
2019-07-28T06:00:00+00:00,0.000,0.000,3.147
2019-07-28T12:00:00+00:00,0.000,1.195,3.358
2019-07-28T18:00:00+00:00,0.000,1.195,3.092
2019-07-29T00:00:00+00:00,0.000,0.000,3.063
2019-07-29T06:00:00+00:00,0.000,0.000,2.958
2019-07-29T12:00:00+00:00,0.000,1.165,4.242
2019-07-29T18:00:00+00:00,0.000,1.165,3.875
2019-07-30T00:00:00+00:00,0.000,0.000,4.372
2019-07-30T06:00:00+00:00,0.000,0.000,4.488
2019-07-30T12:00:00+00:00,0.000,1.255,4.383
2019-07-30T18:00:00+00:00,0.000,1.255,4.353
2019-07-31T00:00:00+00:00,0.000,0.000,4.397
2019-07-31T06:00:00+00:00,0.000,0.000,4.363
2019-07-31T12:00:00+00:00,0.050,1.196,4.260
2019-07-31T18:00:00+00:00,0.000,1.196,5.092
2019-08-01T00:00:00+00:00,0.000,0.000,6.135
2019-08-01T06:00:00+00:00,0.000,0.000,6.208
2019-08-01T12:00:00+00:00,0.000,1.022,6.290
2019-08-01T18:00:00+00:00,0.000,1.022,6.105
2019-08-02T00:00:00+00:00,0.000,0.000,6.023
2019-08-02T06:00:00+00:00,0.000,0.000,6.163
2019-08-02T12:00:00+00:00,0.000,1.111,6.157
2019-08-02T18:00:00+00:00,0.000,1.111,5.855
2019-08-03T00:00:00+00:00,0.000,0.000,6.072
2019-08-03T06:00:00+00:00,0.000,0.000,5.767
2019-08-03T12:00:00+00:00,0.030,1.082,5.980
2019-08-03T18:00:00+00:00,0.000,1.082,5.823
2019-08-04T00:00:00+00:00,0.000,0.000,5.815
2019-08-04T06:00:00+00:00,0.030,0.000,5.733
2019-08-04T12:00:00+00:00,0.100,1.188,5.798
2019-08-04T18:00:00+00:00,0.000,1.188,5.642
2019-08-05T00:00:00+00:00,0.000,0.000,5.707
2019-08-05T06:00:00+00:00,0.000,0.000,5.698
2019-08-05T12:00:00+00:00,0.000,1.314,5.762
2019-08-05T18:00:00+00:00,0.000,1.314,5.757
2019-08-06T00:00:00+00:00,0.000,0.000,5.673
2019-08-06T06:00:00+00:00,0.000,0.000,5.737
2019-08-06T12:00:00+00:00,0.000,1.235,6.028
2019-08-06T18:00:00+00:00,0.000,1.235,5.500
2019-08-07T00:00:00+00:00,0.000,0.000,5.640
2019-08-07T06:00:00+00:00,0.000,0.000,5.713
2019-08-07T12:00:00+00:00,0.000,1.318,5.983
2019-08-07T18:00:00+00:00,0.000,1.318,5.642
2019-08-08T00:00:00+00:00,0.000,0.000,5.700
2019-08-08T06:00:00+00:00,0.000,0.000,5.823
2019-08-08T12:00:00+00:00,0.000,1.250,6.017
2019-08-08T18:00:00+00:00,0.000,1.250,5.720
2019-08-09T00:00:00+00:00,0.000,0.000,5.737
2019-08-09T06:00:00+00:00,0.000,0.000,5.803
2019-08-09T12:00:00+00:00,0.000,1.262,5.870
2019-08-09T18:00:00+00:00,0.000,1.262,5.603
2019-08-10T00:00:00+00:00,0.070,0.000,5.670
2019-08-10T06:00:00+00:00,0.000,0.000,5.670
2019-08-10T12:00:00+00:00,0.000,1.372,5.737
2019-08-10T18:00:00+00:00,0.000,1.372,5.603
2019-08-11T00:00:00+00:00,0.000,0.000,5.470
2019-08-11T06:00:00+00:00,0.000,0.000,5.470
2019-08-11T12:00:00+00:00,0.000,1.478,5.603
2019-08-11T18:00:00+00:00,0.000,1.478,5.470
2019-08-12T00:00:00+00:00,0.000,0.000,5.403
2019-08-12T06:00:00+00:00,0.000,0.000,5.470
2019-08-12T12:00:00+00:00,0.000,1.525,5.537
2019-08-12T18:00:00+00:00,0.000,1.525,5.333
2019-08-13T00:00:00+00:00,0.000,0.000,5.327
2019-08-13T06:00:00+00:00,0.000,0.000,5.393
2019-08-13T12:00:00+00:00,0.000,1.201,5.393
2019-08-13T18:00:00+00:00,0.000,1.201,5.260
2019-08-14T00:00:00+00:00,0.000,0.000,5.127
2019-08-14T06:00:00+00:00,0.000,0.000,5.258
2019-08-14T12:00:00+00:00,0.000,1.464,5.118
2019-08-14T18:00:00+00:00,0.000,1.464,5.317
2019-08-15T00:00:00+00:00,0.000,0.000,4.783
2019-08-15T06:00:00+00:00,0.000,0.000,5.182
2019-08-15T12:00:00+00:00,0.000,1.170,5.107
2019-08-15T18:00:00+00:00,0.000,1.170,5.107
2019-08-16T00:00:00+00:00,0.000,0.000,5.040
2019-08-16T06:00:00+00:00,0.000,0.000,4.903
2019-08-16T12:00:00+00:00,0.000,1.325,5.230
2019-08-16T18:00:00+00:00,0.000,1.325,5.030
2019-08-17T00:00:00+00:00,0.000,0.000,4.897
2019-08-17T06:00:00+00:00,0.000,0.000,5.022
2019-08-17T12:00:00+00:00,0.000,1.288,5.220
2019-08-17T18:00:00+00:00,0.000,1.288,4.887
2019-08-18T00:00:00+00:00,0.000,0.000,4.885
2019-08-18T06:00:00+00:00,0.000,0.000,4.743
2019-08-18T12:00:00+00:00,0.000,1.379,5.077
2019-08-18T18:00:00+00:00,0.000,1.379,4.810
2019-08-19T00:00:00+00:00,0.000,0.000,5.068
2019-08-19T06:00:00+00:00,0.000,0.000,5.200
2019-08-19T12:00:00+00:00,0.450,1.239,5.000
2019-08-19T18:00:00+00:00,0.000,1.239,5.067
2019-08-20T00:00:00+00:00,0.000,0.000,5.062
2019-08-20T06:00:00+00:00,0.000,0.000,5.057
2019-08-20T12:00:00+00:00,0.000,1.175,5.123
2019-08-20T18:00:00+00:00,0.000,1.175,5.057
2019-08-21T00:00:00+00:00,0.000,0.000,5.053
2019-08-21T06:00:00+00:00,0.000,0.000,4.847
2019-08-21T12:00:00+00:00,0.000,1.342,4.980
2019-08-21T18:00:00+00:00,0.000,1.342,5.113
2019-08-22T00:00:00+00:00,0.000,0.000,4.840
2019-08-22T06:00:00+00:00,0.000,0.000,4.970
2019-08-22T12:00:00+00:00,0.000,1.429,4.903
2019-08-22T18:00:00+00:00,0.000,1.429,5.100
2019-08-23T00:00:00+00:00,0.000,0.000,5.153
2019-08-23T06:00:00+00:00,0.000,0.000,5.153
2019-08-23T12:00:00+00:00,0.740,1.549,5.153
2019-08-23T18:00:00+00:00,0.000,1.549,4.953
2019-08-24T00:00:00+00:00,0.000,0.000,4.953
2019-08-24T06:00:00+00:00,0.000,0.000,5.087
2019-08-24T12:00:00+00:00,0.000,1.587,5.020
2019-08-24T18:00:00+00:00,0.000,1.587,4.953
2019-08-25T00:00:00+00:00,0.000,0.000,4.953
2019-08-25T06:00:00+00:00,0.000,0.000,4.957
2019-08-25T12:00:00+00:00,0.000,1.716,4.895
2019-08-25T18:00:00+00:00,0.000,1.716,4.962
2019-08-26T00:00:00+00:00,0.000,0.000,4.830
2019-08-26T06:00:00+00:00,0.000,0.000,4.963
2019-08-26T12:00:00+00:00,0.000,1.594,4.963
2019-08-26T18:00:00+00:00,0.000,1.594,4.897
2019-08-27T00:00:00+00:00,0.000,0.000,4.697
2019-08-27T06:00:00+00:00,0.000,0.000,4.830
2019-08-27T12:00:00+00:00,0.000,1.485,4.830
2019-08-27T18:00:00+00:00,0.000,1.485,4.830
2019-08-28T00:00:00+00:00,0.000,0.000,4.763
2019-08-28T06:00:00+00:00,0.000,0.000,4.763
2019-08-28T12:00:00+00:00,0.000,1.647,4.897
2019-08-28T18:00:00+00:00,0.000,1.647,4.763
2019-08-29T00:00:00+00:00,0.000,0.000,4.830
2019-08-29T06:00:00+00:00,0.000,0.000,4.897
2019-08-29T12:00:00+00:00,0.000,1.656,4.897
2019-08-29T18:00:00+00:00,0.000,1.656,4.763
2019-08-30T00:00:00+00:00,0.000,0.000,4.560
2019-08-30T06:00:00+00:00,0.000,0.000,4.690
2019-08-30T12:00:00+00:00,0.000,1.645,4.822
2019-08-30T18:00:00+00:00,0.000,1.645,4.420
2019-08-31T00:00:00+00:00,0.000,0.000,4.420
2019-08-31T06:00:00+00:00,0.000,0.000,4.553
2019-08-31T12:00:00+00:00,0.000,1.775,4.753
2019-08-31T18:00:00+00:00,2.330,1.775,4.487
2019-09-01T00:00:00+00:00,0.990,0.000,4.687
2019-09-01T06:00:00+00:00,0.110,0.000,4.687
2019-09-01T12:00:00+00:00,2.730,1.833,5.553
2019-09-01T18:00:00+00:00,8.160,1.833,5.622
2019-09-02T00:00:00+00:00,21.510,0.000,9.173
2019-09-02T06:00:00+00:00,8.340,0.000,11.932
2019-09-02T12:00:00+00:00,0.150,1.695,15.168
2019-09-02T18:00:00+00:00,0.000,1.695,16.708
2019-09-03T00:00:00+00:00,0.000,0.000,15.630
2019-09-03T06:00:00+00:00,0.000,0.000,12.482
2019-09-03T12:00:00+00:00,1.070,1.430,10.065
2019-09-03T18:00:00+00:00,0.000,1.430,8.525
2019-09-04T00:00:00+00:00,17.610,0.000,10.097
2019-09-04T06:00:00+00:00,0.190,0.000,8.040
2019-09-04T12:00:00+00:00,0.140,1.588,7.680
2019-09-04T18:00:00+00:00,0.000,1.588,7.242
2019-09-05T00:00:00+00:00,0.000,0.000,6.730
2019-09-05T06:00:00+00:00,0.000,0.000,6.440
2019-09-05T12:00:00+00:00,0.000,1.854,6.000
2019-09-05T18:00:00+00:00,0.000,1.854,5.853
2019-09-06T00:00:00+00:00,0.000,0.000,5.780
2019-09-06T06:00:00+00:00,0.000,0.000,5.635
2019-09-06T12:00:00+00:00,0.000,1.695,5.415
2019-09-06T18:00:00+00:00,0.000,1.695,5.563
2019-09-07T00:00:00+00:00,0.000,0.000,5.268
2019-09-07T06:00:00+00:00,0.000,0.000,5.345
2019-09-07T12:00:00+00:00,0.000,1.717,5.345
2019-09-07T18:00:00+00:00,0.000,1.717,5.122
2019-09-08T00:00:00+00:00,0.000,0.000,5.123
2019-09-08T06:00:00+00:00,0.000,0.000,5.047
2019-09-08T12:00:00+00:00,0.000,1.697,5.123
2019-09-08T18:00:00+00:00,0.000,1.697,4.827
2019-09-09T00:00:00+00:00,0.000,0.000,4.973
2019-09-09T06:00:00+00:00,0.000,0.000,4.827
2019-09-09T12:00:00+00:00,0.000,1.845,5.047
2019-09-09T18:00:00+00:00,0.000,1.845,4.453
2019-09-10T00:00:00+00:00,0.000,0.000,4.597
2019-09-10T06:00:00+00:00,0.000,0.000,4.597
2019-09-10T12:00:00+00:00,0.000,1.977,4.745
2019-09-10T18:00:00+00:00,0.000,1.977,4.520
2019-09-11T00:00:00+00:00,0.000,0.000,4.295
2019-09-11T06:00:00+00:00,0.000,0.000,4.367
2019-09-11T12:00:00+00:00,0.000,1.913,4.587
2019-09-11T18:00:00+00:00,0.000,1.913,4.363
2019-09-12T00:00:00+00:00,0.000,0.000,4.138
2019-09-12T06:00:00+00:00,0.000,0.000,4.357
2019-09-12T12:00:00+00:00,0.000,2.035,4.283
2019-09-12T18:00:00+00:00,0.000,2.035,4.428
2019-09-13T00:00:00+00:00,0.000,0.000,3.907
2019-09-13T06:00:00+00:00,0.000,0.000,4.347
2019-09-13T12:00:00+00:00,0.000,2.025,4.272
2019-09-13T18:00:00+00:00,0.000,2.025,4.193
2019-09-14T00:00:00+00:00,0.100,0.000,4.117
2019-09-14T06:00:00+00:00,0.000,0.000,4.038
2019-09-14T12:00:00+00:00,0.000,1.912,4.182
2019-09-14T18:00:00+00:00,0.030,1.912,4.105
2019-09-15T00:00:00+00:00,0.000,0.000,3.953
2019-09-15T06:00:00+00:00,0.000,0.000,3.950
2019-09-15T12:00:00+00:00,0.000,1.988,4.095
2019-09-15T18:00:00+00:00,0.620,1.988,4.015
2019-09-16T00:00:00+00:00,0.000,0.000,3.938
2019-09-16T06:00:00+00:00,0.000,0.000,4.007
2019-09-16T12:00:00+00:00,0.000,2.059,4.152
2019-09-16T18:00:00+00:00,0.000,2.059,3.703
2019-09-17T00:00:00+00:00,0.000,0.000,3.775
2019-09-17T06:00:00+00:00,0.000,0.000,3.842
2019-09-17T12:00:00+00:00,0.000,1.841,3.987
2019-09-17T18:00:00+00:00,0.000,1.841,3.687
2019-09-18T00:00:00+00:00,0.160,0.000,3.607
2019-09-18T06:00:00+00:00,0.000,0.000,3.602
2019-09-18T12:00:00+00:00,0.000,1.793,3.668
2019-09-18T18:00:00+00:00,0.000,1.793,3.740
2019-09-19T00:00:00+00:00,0.000,0.000,3.512
2019-09-19T06:00:00+00:00,0.000,0.000,3.655
2019-09-19T12:00:00+00:00,0.000,1.633,3.502
2019-09-19T18:00:00+00:00,1.470,1.633,4.088
2019-09-20T00:00:00+00:00,0.000,0.000,4.008
2019-09-20T06:00:00+00:00,0.000,0.000,3.932
2019-09-20T12:00:00+00:00,0.000,1.370,4.152
2019-09-20T18:00:00+00:00,1.050,1.370,5.037
2019-09-21T00:00:00+00:00,1.910,0.000,5.632
2019-09-21T06:00:00+00:00,0.080,0.000,5.485
2019-09-21T12:00:00+00:00,3.510,1.854,6.525
2019-09-21T18:00:00+00:00,0.000,1.854,6.678
2019-09-22T00:00:00+00:00,0.030,0.000,6.907
2019-09-22T06:00:00+00:00,0.000,0.000,7.063
2019-09-22T12:00:00+00:00,0.000,2.357,6.848
2019-09-22T18:00:00+00:00,0.000,2.357,6.562
2019-09-23T00:00:00+00:00,0.000,0.000,5.748
2019-09-23T06:00:00+00:00,0.000,0.000,5.310
2019-09-23T12:00:00+00:00,0.000,1.915,4.938
2019-09-23T18:00:00+00:00,0.000,1.915,4.790
2019-09-24T00:00:00+00:00,0.000,0.000,4.420
2019-09-24T06:00:00+00:00,0.000,0.000,4.417
2019-09-24T12:00:00+00:00,0.000,1.846,4.340
2019-09-24T18:00:00+00:00,0.000,1.846,4.338
2019-09-25T00:00:00+00:00,0.000,0.000,4.260
2019-09-25T06:00:00+00:00,3.110,0.000,4.925
2019-09-25T12:00:00+00:00,3.700,1.814,4.335
2019-09-25T18:00:00+00:00,0.000,1.814,4.478
2019-09-26T00:00:00+00:00,0.000,0.000,4.550
2019-09-26T06:00:00+00:00,0.000,0.000,4.697
2019-09-26T12:00:00+00:00,0.000,1.461,4.695
2019-09-26T18:00:00+00:00,0.000,1.461,4.620
2019-09-27T00:00:00+00:00,0.000,0.000,4.320
2019-09-27T06:00:00+00:00,0.000,0.000,4.393
2019-09-27T12:00:00+00:00,0.000,1.636,4.245
2019-09-27T18:00:00+00:00,0.000,1.636,4.095
2019-09-28T00:00:00+00:00,0.000,0.000,4.015
2019-09-28T06:00:00+00:00,0.000,0.000,4.012
2019-09-28T12:00:00+00:00,0.000,1.824,4.007
2019-09-28T18:00:00+00:00,0.000,1.824,3.857
2019-09-29T00:00:00+00:00,0.000,0.000,3.777
2019-09-29T06:00:00+00:00,0.000,0.000,3.775
2019-09-29T12:00:00+00:00,0.000,1.712,3.840
2019-09-29T18:00:00+00:00,0.000,1.712,3.765
2019-09-30T00:00:00+00:00,0.000,0.000,3.613
2019-09-30T06:00:00+00:00,0.000,0.000,3.783
2019-09-30T12:00:00+00:00,0.000,1.728,3.797
2019-09-30T18:00:00+00:00,0.000,1.728,3.528
2019-10-01T00:00:00+00:00,0.000,0.000,3.788
2019-10-01T06:00:00+00:00,0.000,0.000,3.587
2019-10-01T12:00:00+00:00,0.000,1.805,3.843
2019-10-01T18:00:00+00:00,0.000,1.805,3.510
2019-10-02T00:00:00+00:00,0.000,0.000,3.433
2019-10-02T06:00:00+00:00,0.000,0.000,3.498
2019-10-02T12:00:00+00:00,0.000,1.911,3.623
2019-10-02T18:00:00+00:00,0.000,1.911,3.353
2019-10-03T00:00:00+00:00,0.000,0.000,3.613
2019-10-03T06:00:00+00:00,4.650,0.000,3.812
2019-10-03T12:00:00+00:00,0.000,1.561,3.870
2019-10-03T18:00:00+00:00,13.210,1.561,4.805
2019-10-04T00:00:00+00:00,0.810,0.000,4.203
2019-10-04T06:00:00+00:00,0.000,0.000,4.270
2019-10-04T12:00:00+00:00,0.000,1.995,4.062
2019-10-04T18:00:00+00:00,0.000,1.995,3.993
2019-10-05T00:00:00+00:00,0.000,0.000,3.993
2019-10-05T06:00:00+00:00,0.000,0.000,3.785
2019-10-05T12:00:00+00:00,0.000,2.122,3.983
2019-10-05T18:00:00+00:00,0.000,2.122,3.580
2019-10-06T00:00:00+00:00,0.000,0.000,3.442
2019-10-06T06:00:00+00:00,0.110,0.000,3.502
2019-10-06T12:00:00+00:00,3.410,2.031,3.897
2019-10-06T18:00:00+00:00,0.000,2.031,3.427
2019-10-07T00:00:00+00:00,0.160,0.000,3.487
2019-10-07T06:00:00+00:00,1.390,0.000,4.553
2019-10-07T12:00:00+00:00,11.180,1.863,4.753
2019-10-07T18:00:00+00:00,2.390,1.863,5.220
2019-10-08T00:00:00+00:00,0.270,0.000,5.487
2019-10-08T06:00:00+00:00,0.000,0.000,5.423
2019-10-08T12:00:00+00:00,0.000,2.203,5.430
2019-10-08T18:00:00+00:00,0.000,2.203,5.430
2019-10-09T00:00:00+00:00,0.000,0.000,5.163
2019-10-09T06:00:00+00:00,0.000,0.000,4.763
2019-10-09T12:00:00+00:00,0.000,1.696,4.430
2019-10-09T18:00:00+00:00,0.000,1.696,4.297
2019-10-10T00:00:00+00:00,0.000,0.000,4.025
2019-10-10T06:00:00+00:00,0.000,0.000,3.887
2019-10-10T12:00:00+00:00,0.000,1.751,3.953
2019-10-10T18:00:00+00:00,0.000,1.751,3.745
2019-10-11T00:00:00+00:00,0.000,0.000,3.677
2019-10-11T06:00:00+00:00,0.000,0.000,3.535
2019-10-11T12:00:00+00:00,0.000,1.792,3.533
2019-10-11T18:00:00+00:00,0.000,1.792,3.392
2019-10-12T00:00:00+00:00,0.000,0.000,3.320
2019-10-12T06:00:00+00:00,0.000,0.000,3.247
2019-10-12T12:00:00+00:00,0.000,2.000,3.305
2019-10-12T18:00:00+00:00,0.000,2.000,3.368
2019-10-13T00:00:00+00:00,0.000,0.000,3.160
2019-10-13T06:00:00+00:00,0.000,0.000,3.155
2019-10-13T12:00:00+00:00,0.000,1.916,3.350
2019-10-13T18:00:00+00:00,0.000,1.916,2.940
2019-10-14T00:00:00+00:00,1.220,0.000,3.068
2019-10-14T06:00:00+00:00,0.270,0.000,2.993
2019-10-14T12:00:00+00:00,0.000,2.217,3.053
2019-10-14T18:00:00+00:00,0.110,2.217,4.117
2019-10-15T00:00:00+00:00,6.190,0.000,3.443
2019-10-15T06:00:00+00:00,0.030,0.000,3.307
2019-10-15T12:00:00+00:00,0.000,1.803,3.167
2019-10-15T18:00:00+00:00,0.000,1.803,3.358
2019-10-16T00:00:00+00:00,0.000,0.000,3.427
2019-10-16T06:00:00+00:00,0.000,0.000,3.627
2019-10-16T12:00:00+00:00,0.000,2.005,3.493
2019-10-16T18:00:00+00:00,0.000,2.005,3.360
2019-10-17T00:00:00+00:00,0.030,0.000,3.293
2019-10-17T06:00:00+00:00,0.000,0.000,3.285
2019-10-17T12:00:00+00:00,0.000,2.521,3.217
2019-10-17T18:00:00+00:00,0.000,2.521,3.150
2019-10-18T00:00:00+00:00,0.000,0.000,3.015
2019-10-18T06:00:00+00:00,0.000,0.000,3.127
2019-10-18T12:00:00+00:00,0.000,2.293,3.147
2019-10-18T18:00:00+00:00,0.000,2.293,3.090
2019-10-19T00:00:00+00:00,2.290,0.000,3.933
2019-10-19T06:00:00+00:00,7.310,0.000,3.420
2019-10-19T12:00:00+00:00,0.000,2.581,3.987
2019-10-19T18:00:00+00:00,0.000,2.581,8.853
2019-10-20T00:00:00+00:00,0.000,0.000,11.377
2019-10-20T06:00:00+00:00,0.000,0.000,8.995
2019-10-20T12:00:00+00:00,0.000,2.275,6.738
2019-10-20T18:00:00+00:00,0.000,2.275,5.143
2019-10-21T00:00:00+00:00,0.000,0.000,4.543
2019-10-21T06:00:00+00:00,2.250,0.000,4.277
2019-10-21T12:00:00+00:00,7.490,2.150,4.610
2019-10-21T18:00:00+00:00,2.340,2.150,4.348
2019-10-22T00:00:00+00:00,0.140,0.000,4.220
2019-10-22T06:00:00+00:00,0.000,0.000,4.220
2019-10-22T12:00:00+00:00,0.000,2.315,4.287
2019-10-22T18:00:00+00:00,0.000,2.315,4.287
2019-10-23T00:00:00+00:00,0.000,0.000,4.287
2019-10-23T06:00:00+00:00,0.000,0.000,4.220
2019-10-23T12:00:00+00:00,0.000,2.096,3.953
2019-10-23T18:00:00+00:00,0.000,2.096,3.820
2019-10-24T00:00:00+00:00,0.000,0.000,3.620
2019-10-24T06:00:00+00:00,0.000,0.000,3.483
2019-10-24T12:00:00+00:00,0.000,2.238,3.543
2019-10-24T18:00:00+00:00,0.000,2.238,3.410
2019-10-25T00:00:00+00:00,0.790,0.000,3.277
2019-10-25T06:00:00+00:00,0.000,0.000,3.277
2019-10-25T12:00:00+00:00,0.000,1.797,3.335
2019-10-25T18:00:00+00:00,0.000,1.797,3.067
2019-10-26T00:00:00+00:00,0.000,0.000,3.067
2019-10-26T06:00:00+00:00,0.000,0.000,2.925
2019-10-26T12:00:00+00:00,0.000,1.793,3.057
2019-10-26T18:00:00+00:00,0.000,1.793,2.990
2019-10-27T00:00:00+00:00,0.000,0.000,2.847
2019-10-27T06:00:00+00:00,0.000,0.000,2.780
2019-10-27T12:00:00+00:00,0.000,2.221,2.910
2019-10-27T18:00:00+00:00,0.000,2.221,2.770
2019-10-28T00:00:00+00:00,0.000,0.000,3.410
2019-10-28T06:00:00+00:00,6.070,0.000,3.232
2019-10-28T12:00:00+00:00,0.260,2.305,3.160
2019-10-28T18:00:00+00:00,5.820,2.305,4.495
2019-10-29T00:00:00+00:00,8.040,0.000,3.760
2019-10-29T06:00:00+00:00,0.110,0.000,4.965
2019-10-29T12:00:00+00:00,0.140,2.527,5.695
2019-10-29T18:00:00+00:00,0.000,2.527,5.717
2019-10-30T00:00:00+00:00,0.000,0.000,5.185
2019-10-30T06:00:00+00:00,0.000,0.000,5.127
2019-10-30T12:00:00+00:00,0.000,2.146,4.593
2019-10-30T18:00:00+00:00,0.000,2.146,4.197
2019-10-31T00:00:00+00:00,0.140,0.000,3.870
2019-10-31T06:00:00+00:00,0.000,0.000,3.737
2019-10-31T12:00:00+00:00,0.000,2.282,3.537
2019-10-31T18:00:00+00:00,0.000,2.282,3.527
2019-11-01T00:00:00+00:00,0.000,0.000,3.240
2019-11-01T06:00:00+00:00,0.000,0.000,3.303
2019-11-01T12:00:00+00:00,0.000,1.963,3.297
2019-11-01T18:00:00+00:00,0.000,1.963,3.163
2019-11-02T00:00:00+00:00,0.000,0.000,2.963
2019-11-02T06:00:00+00:00,0.000,0.000,2.963
2019-11-02T12:00:00+00:00,0.000,2.486,3.030
2019-11-02T18:00:00+00:00,0.000,2.486,2.893
2019-11-03T00:00:00+00:00,0.000,0.000,2.820
2019-11-03T06:00:00+00:00,0.000,0.000,2.820
2019-11-03T12:00:00+00:00,0.000,2.292,2.753
2019-11-03T18:00:00+00:00,0.000,2.292,2.545
2019-11-04T00:00:00+00:00,0.000,0.000,2.610
2019-11-04T06:00:00+00:00,0.000,0.000,2.677
2019-11-04T12:00:00+00:00,0.000,2.138,2.807
2019-11-04T18:00:00+00:00,0.000,2.138,2.533
2019-11-05T00:00:00+00:00,0.000,0.000,2.467
2019-11-05T06:00:00+00:00,0.000,0.000,2.597
2019-11-05T12:00:00+00:00,0.000,1.950,2.790
2019-11-05T18:00:00+00:00,0.090,1.950,3.754
2019-11-06T00:00:00+00:00,7.770,0.000,3.323
2019-11-06T06:00:00+00:00,0.200,0.000,2.723
2019-11-06T12:00:00+00:00,0.000,1.986,2.717
2019-11-06T18:00:00+00:00,0.000,1.986,2.733
2019-11-07T00:00:00+00:00,0.000,0.000,2.843
2019-11-07T06:00:00+00:00,0.000,0.000,3.297
2019-11-07T12:00:00+00:00,0.000,2.136,3.410
2019-11-07T18:00:00+00:00,0.030,2.136,3.353
2019-11-08T00:00:00+00:00,0.000,0.000,3.183
2019-11-08T06:00:00+00:00,0.000,0.000,3.117
2019-11-08T12:00:00+00:00,0.000,1.978,3.060
2019-11-08T18:00:00+00:00,0.000,1.978,5.768
2019-11-09T00:00:00+00:00,14.960,0.000,7.003
2019-11-09T06:00:00+00:00,0.030,0.000,7.540
2019-11-09T12:00:00+00:00,0.110,2.406,6.680
2019-11-09T18:00:00+00:00,0.000,2.406,5.213
2019-11-10T00:00:00+00:00,0.000,0.000,4.547
2019-11-10T06:00:00+00:00,13.400,0.000,4.817
2019-11-10T12:00:00+00:00,2.720,1.861,4.690
2019-11-10T18:00:00+00:00,0.970,1.861,4.957
2019-11-11T00:00:00+00:00,0.510,0.000,4.690
2019-11-11T06:00:00+00:00,0.000,0.000,4.500
2019-11-11T12:00:00+00:00,0.000,2.377,4.423
2019-11-11T18:00:00+00:00,0.050,2.377,4.270
2019-11-12T00:00:00+00:00,0.000,0.000,4.407
2019-11-12T06:00:00+00:00,0.000,0.000,4.273
2019-11-12T12:00:00+00:00,0.000,2.574,4.007
2019-11-12T18:00:00+00:00,0.000,2.574,3.740
2019-11-13T00:00:00+00:00,0.000,0.000,3.340
2019-11-13T06:00:00+00:00,0.000,0.000,3.407
2019-11-13T12:00:00+00:00,0.000,2.244,3.340
2019-11-13T18:00:00+00:00,0.000,2.244,3.135
2019-11-14T00:00:00+00:00,2.720,0.000,4.000
2019-11-14T06:00:00+00:00,18.370,0.000,4.407
2019-11-14T12:00:00+00:00,0.520,2.219,4.407
2019-11-14T18:00:00+00:00,6.390,2.219,5.747
2019-11-15T00:00:00+00:00,2.740,0.000,6.753
2019-11-15T06:00:00+00:00,0.000,0.000,8.435
2019-11-15T12:00:00+00:00,0.030,2.177,7.915
2019-11-15T18:00:00+00:00,0.000,2.177,7.192
2019-11-16T00:00:00+00:00,0.000,0.000,6.607
2019-11-16T06:00:00+00:00,0.000,0.000,5.873
2019-11-16T12:00:00+00:00,0.000,2.172,5.362
2019-11-16T18:00:00+00:00,0.000,2.172,4.475
2019-11-17T00:00:00+00:00,0.000,0.000,4.180
2019-11-17T06:00:00+00:00,0.000,0.000,3.887
2019-11-17T12:00:00+00:00,0.000,2.508,3.663
2019-11-17T18:00:00+00:00,0.000,2.508,3.665
2019-11-18T00:00:00+00:00,0.000,0.000,3.367
2019-11-18T06:00:00+00:00,0.000,0.000,3.290
2019-11-18T12:00:00+00:00,0.000,2.324,3.290
2019-11-18T18:00:00+00:00,0.000,2.324,3.067
2019-11-19T00:00:00+00:00,0.000,0.000,3.063
2019-11-19T06:00:00+00:00,0.000,0.000,3.282
2019-11-19T12:00:00+00:00,0.000,2.438,3.060
2019-11-19T18:00:00+00:00,0.000,2.438,2.910
2019-11-20T00:00:00+00:00,0.000,0.000,2.685
2019-11-20T06:00:00+00:00,0.000,0.000,2.682
2019-11-20T12:00:00+00:00,0.000,1.889,2.753
2019-11-20T18:00:00+00:00,0.000,1.889,2.625
2019-11-21T00:00:00+00:00,0.000,0.000,2.380
2019-11-21T06:00:00+00:00,0.000,0.000,2.512
2019-11-21T12:00:00+00:00,0.000,2.465,2.772
2019-11-21T18:00:00+00:00,0.000,2.465,2.503
2019-11-22T00:00:00+00:00,0.000,0.000,2.500
2019-11-22T06:00:00+00:00,0.000,0.000,2.493
2019-11-22T12:00:00+00:00,0.000,1.900,2.560
2019-11-22T18:00:00+00:00,0.000,1.900,2.488
2019-11-23T00:00:00+00:00,0.000,0.000,2.350
2019-11-23T06:00:00+00:00,0.000,0.000,2.482
2019-11-23T12:00:00+00:00,0.000,1.680,2.540
2019-11-23T18:00:00+00:00,2.530,1.680,2.407
2019-11-24T00:00:00+00:00,20.250,0.000,6.144
2019-11-24T06:00:00+00:00,1.590,0.000,3.873
2019-11-24T12:00:00+00:00,0.580,1.966,3.607
2019-11-24T18:00:00+00:00,0.000,1.966,3.540
2019-11-25T00:00:00+00:00,0.000,0.000,4.007
2019-11-25T06:00:00+00:00,0.000,0.000,3.873
2019-11-25T12:00:00+00:00,0.000,1.949,3.673
2019-11-25T18:00:00+00:00,0.000,1.949,3.407
2019-11-26T00:00:00+00:00,0.000,0.000,3.007
2019-11-26T06:00:00+00:00,0.000,0.000,2.807
2019-11-26T12:00:00+00:00,0.000,2.354,2.932
2019-11-26T18:00:00+00:00,0.000,2.354,2.663
2019-11-27T00:00:00+00:00,0.000,0.000,2.730
2019-11-27T06:00:00+00:00,2.710,0.000,2.928
2019-11-27T12:00:00+00:00,2.260,2.147,3.122
2019-11-27T18:00:00+00:00,4.850,2.147,3.253
2019-11-28T00:00:00+00:00,2.240,0.000,3.187
2019-11-28T06:00:00+00:00,0.190,0.000,3.387
2019-11-28T12:00:00+00:00,0.000,2.485,3.587
2019-11-28T18:00:00+00:00,1.250,2.485,3.720
2019-11-29T00:00:00+00:00,0.390,0.000,3.653
2019-11-29T06:00:00+00:00,0.050,0.000,4.320
2019-11-29T12:00:00+00:00,0.000,2.389,4.053
2019-11-29T18:00:00+00:00,0.000,2.389,5.125
2019-11-30T00:00:00+00:00,0.000,0.000,8.340
2019-11-30T06:00:00+00:00,0.000,0.000,7.217
2019-11-30T12:00:00+00:00,0.000,2.160,5.558
2019-11-30T18:00:00+00:00,0.000,2.160,4.360
2019-12-01T00:00:00+00:00,0.000,0.000,3.893
2019-12-01T06:00:00+00:00,1.200,0.000,3.627
2019-12-01T12:00:00+00:00,0.210,2.201,3.560
2019-12-01T18:00:00+00:00,0.450,2.201,4.027
2019-12-02T00:00:00+00:00,2.800,0.000,3.160
2019-12-02T06:00:00+00:00,0.050,0.000,3.287
2019-12-02T12:00:00+00:00,0.140,2.384,3.417
2019-12-02T18:00:00+00:00,0.000,2.384,3.617
2019-12-03T00:00:00+00:00,0.000,0.000,3.750
2019-12-03T06:00:00+00:00,0.000,0.000,3.283
2019-12-03T12:00:00+00:00,0.000,2.090,3.417
2019-12-03T18:00:00+00:00,3.060,2.090,3.350
2019-12-04T00:00:00+00:00,1.240,0.000,3.217
2019-12-04T06:00:00+00:00,0.470,0.000,3.150
2019-12-04T12:00:00+00:00,0.440,2.528,3.483
2019-12-04T18:00:00+00:00,1.400,2.528,3.207
2019-12-05T00:00:00+00:00,1.320,0.000,3.473
2019-12-05T06:00:00+00:00,0.160,0.000,3.673
2019-12-05T12:00:00+00:00,4.830,2.269,6.882
2019-12-05T18:00:00+00:00,40.390,2.269,12.175
2019-12-06T00:00:00+00:00,3.370,0.000,14.327
2019-12-06T06:00:00+00:00,2.040,0.000,16.328
2019-12-06T12:00:00+00:00,0.390,2.266,15.177
2019-12-06T18:00:00+00:00,0.000,2.266,11.727
2019-12-07T00:00:00+00:00,0.000,0.000,9.083
2019-12-07T06:00:00+00:00,0.000,0.000,7.465
2019-12-07T12:00:00+00:00,0.000,2.032,6.360
2019-12-07T18:00:00+00:00,0.000,2.032,5.702
2019-12-08T00:00:00+00:00,0.000,0.000,4.967
2019-12-08T06:00:00+00:00,0.000,0.000,4.378
2019-12-08T12:00:00+00:00,0.000,2.651,4.380
2019-12-08T18:00:00+00:00,0.000,2.651,3.932
2019-12-09T00:00:00+00:00,0.000,0.000,3.785
2019-12-09T06:00:00+00:00,0.000,0.000,3.563
2019-12-09T12:00:00+00:00,0.750,2.125,3.857
2019-12-09T18:00:00+00:00,4.120,2.125,3.785
2019-12-10T00:00:00+00:00,0.000,0.000,3.710
2019-12-10T06:00:00+00:00,0.000,0.000,3.860
2019-12-10T12:00:00+00:00,0.000,2.208,4.007
2019-12-10T18:00:00+00:00,0.000,2.208,4.082
2019-12-11T00:00:00+00:00,0.000,0.000,4.080
2019-12-11T06:00:00+00:00,0.000,0.000,4.005
2019-12-11T12:00:00+00:00,0.000,2.269,3.857
2019-12-11T18:00:00+00:00,4.510,2.269,5.117
2019-12-12T00:00:00+00:00,12.030,0.000,4.898
2019-12-12T06:00:00+00:00,2.010,0.000,7.272
2019-12-12T12:00:00+00:00,0.150,2.253,7.427
2019-12-12T18:00:00+00:00,0.000,2.253,7.585
2019-12-13T00:00:00+00:00,0.000,0.000,7.597
2019-12-13T06:00:00+00:00,0.000,0.000,6.790
2019-12-13T12:00:00+00:00,0.000,2.584,5.907
2019-12-13T18:00:00+00:00,0.000,2.584,5.117
2019-12-14T00:00:00+00:00,0.000,0.000,4.717
2019-12-14T06:00:00+00:00,0.000,0.000,4.397
2019-12-14T12:00:00+00:00,0.780,1.919,4.557
2019-12-14T18:00:00+00:00,3.670,1.919,4.397
2019-12-15T00:00:00+00:00,0.340,0.000,3.917
2019-12-15T06:00:00+00:00,0.150,0.000,5.448
2019-12-15T12:00:00+00:00,15.420,2.190,5.128
2019-12-15T18:00:00+00:00,0.770,2.190,5.533
2019-12-16T00:00:00+00:00,0.930,0.000,6.913
2019-12-16T06:00:00+00:00,2.560,0.000,7.645
2019-12-16T12:00:00+00:00,14.500,2.114,17.198
2019-12-16T18:00:00+00:00,17.260,2.114,16.158
2019-12-17T00:00:00+00:00,20.330,0.000,20.867
2019-12-17T06:00:00+00:00,6.540,0.000,23.408
2019-12-17T12:00:00+00:00,2.020,2.167,26.037
2019-12-17T18:00:00+00:00,4.830,2.167,24.527
2019-12-18T00:00:00+00:00,3.070,0.000,20.720
2019-12-18T06:00:00+00:00,0.910,0.000,17.208
2019-12-18T12:00:00+00:00,0.110,2.618,15.595
2019-12-18T18:00:00+00:00,10.420,2.618,15.198
2019-12-19T00:00:00+00:00,3.330,0.000,16.032
2019-12-19T06:00:00+00:00,0.970,0.000,13.848
2019-12-19T12:00:00+00:00,0.150,2.418,13.958
2019-12-19T18:00:00+00:00,0.050,2.418,14.277
2019-12-20T00:00:00+00:00,0.000,0.000,13.072
2019-12-20T06:00:00+00:00,0.110,0.000,11.162
2019-12-20T12:00:00+00:00,0.160,2.149,9.887
2019-12-20T18:00:00+00:00,0.000,2.149,8.605
2019-12-21T00:00:00+00:00,0.000,0.000,8.237
2019-12-21T06:00:00+00:00,15.800,0.000,10.437
2019-12-21T12:00:00+00:00,6.920,2.121,10.900
2019-12-21T18:00:00+00:00,4.110,2.121,13.755
2019-12-22T00:00:00+00:00,1.270,0.000,11.755
2019-12-22T06:00:00+00:00,0.950,0.000,10.938
2019-12-22T12:00:00+00:00,0.300,1.914,10.122
2019-12-22T18:00:00+00:00,0.000,1.914,9.480
2019-12-23T00:00:00+00:00,0.000,0.000,8.655
2019-12-23T06:00:00+00:00,0.000,0.000,7.922
2019-12-23T12:00:00+00:00,0.000,1.802,7.277
2019-12-23T18:00:00+00:00,0.000,1.802,6.537
2019-12-24T00:00:00+00:00,0.000,0.000,6.158
2019-12-24T06:00:00+00:00,0.000,0.000,5.872
2019-12-24T12:00:00+00:00,0.000,2.156,5.677
2019-12-24T18:00:00+00:00,0.000,2.156,5.207
2019-12-25T00:00:00+00:00,0.000,0.000,5.007
2019-12-25T06:00:00+00:00,0.000,0.000,4.993
2019-12-25T12:00:00+00:00,0.000,2.069,4.793
2019-12-25T18:00:00+00:00,0.000,2.069,4.595
2019-12-26T00:00:00+00:00,0.000,0.000,4.642
2019-12-26T06:00:00+00:00,0.000,0.000,4.617
2019-12-26T12:00:00+00:00,0.000,2.070,4.598
2019-12-26T18:00:00+00:00,0.000,2.070,4.322
2019-12-27T00:00:00+00:00,0.000,0.000,4.128
2019-12-27T06:00:00+00:00,0.000,0.000,4.285
2019-12-27T12:00:00+00:00,0.000,2.132,4.005
2019-12-27T18:00:00+00:00,0.000,2.132,3.985
2019-12-28T00:00:00+00:00,0.000,0.000,3.705
2019-12-28T06:00:00+00:00,0.000,0.000,3.772
2019-12-28T12:00:00+00:00,0.000,2.078,3.752
2019-12-28T18:00:00+00:00,0.000,2.078,3.645
2019-12-29T00:00:00+00:00,0.000,0.000,3.622
2019-12-29T06:00:00+00:00,0.000,0.000,3.342
2019-12-29T12:00:00+00:00,0.000,2.181,3.495
2019-12-29T18:00:00+00:00,0.000,2.181,3.298
2019-12-30T00:00:00+00:00,0.000,0.000,3.192
2019-12-30T06:00:00+00:00,0.000,0.000,3.257
2019-12-30T12:00:00+00:00,0.000,2.059,3.425
2019-12-30T18:00:00+00:00,0.000,2.059,3.570
2019-12-31T00:00:00+00:00,0.000,0.000,3.548
2019-12-31T06:00:00+00:00,0.000,0.000,3.443
2019-12-31T12:00:00+00:00,0.000,2.273,3.652
2019-12-31T18:00:00+00:00,0.000,2.273,3.093
2020-01-01T00:00:00+00:00,0.000,0.000,3.063
2020-01-01T06:00:00+00:00,0.000,0.000,2.953
2020-01-01T12:00:00+00:00,0.000,1.850,3.248
2020-01-01T18:00:00+00:00,5.490,1.850,3.385
2020-01-02T00:00:00+00:00,0.080,0.000,3.360
2020-01-02T06:00:00+00:00,0.000,0.000,3.655
2020-01-02T12:00:00+00:00,0.000,2.149,3.550
2020-01-02T18:00:00+00:00,0.450,2.149,3.523
2020-01-03T00:00:00+00:00,0.640,0.000,3.095
2020-01-03T06:00:00+00:00,0.050,0.000,3.233
2020-01-03T12:00:00+00:00,0.000,2.285,3.620
2020-01-03T18:00:00+00:00,5.690,2.285,4.130
2020-01-04T00:00:00+00:00,12.570,0.000,4.107
2020-01-04T06:00:00+00:00,1.060,0.000,4.527
2020-01-04T12:00:00+00:00,0.140,2.311,4.727
2020-01-04T18:00:00+00:00,0.000,2.311,5.003
2020-01-05T00:00:00+00:00,0.000,0.000,4.540
2020-01-05T06:00:00+00:00,0.000,0.000,4.522
2020-01-05T12:00:00+00:00,0.000,2.375,4.643
2020-01-05T18:00:00+00:00,0.000,2.375,4.330
2020-01-06T00:00:00+00:00,0.000,0.000,3.785
2020-01-06T06:00:00+00:00,0.000,0.000,3.687
2020-01-06T12:00:00+00:00,0.000,2.016,3.588
2020-01-06T18:00:00+00:00,1.530,2.016,3.783
2020-01-07T00:00:00+00:00,0.190,0.000,3.388
2020-01-07T06:00:00+00:00,0.000,0.000,3.363
2020-01-07T12:00:00+00:00,0.000,2.239,3.260
2020-01-07T18:00:00+00:00,25.260,2.239,8.648
2020-01-08T00:00:00+00:00,10.400,0.000,11.913
2020-01-08T06:00:00+00:00,1.140,0.000,15.570
2020-01-08T12:00:00+00:00,0.580,2.225,22.590
2020-01-08T18:00:00+00:00,0.300,2.225,18.223
2020-01-09T00:00:00+00:00,0.100,0.000,12.862
2020-01-09T06:00:00+00:00,0.730,0.000,9.845
2020-01-09T12:00:00+00:00,0.140,1.892,8.223
2020-01-09T18:00:00+00:00,4.800,1.892,8.072
2020-01-10T00:00:00+00:00,0.400,0.000,9.703
2020-01-10T06:00:00+00:00,0.050,0.000,11.418
2020-01-10T12:00:00+00:00,0.100,1.857,11.288
2020-01-10T18:00:00+00:00,4.870,1.857,9.673
2020-01-11T00:00:00+00:00,0.540,0.000,8.047
2020-01-11T06:00:00+00:00,0.000,0.000,7.230
2020-01-11T12:00:00+00:00,0.110,2.444,6.630
2020-01-11T18:00:00+00:00,0.000,2.444,5.880
2020-01-12T00:00:00+00:00,5.030,0.000,6.238
2020-01-12T06:00:00+00:00,0.110,0.000,5.853
2020-01-12T12:00:00+00:00,0.080,2.055,5.988
2020-01-12T18:00:00+00:00,0.570,2.055,6.122
2020-01-13T00:00:00+00:00,6.100,0.000,6.923
2020-01-13T06:00:00+00:00,0.000,0.000,8.035
2020-01-13T12:00:00+00:00,0.030,1.688,7.290
2020-01-13T18:00:00+00:00,0.000,1.688,6.763
2020-01-14T00:00:00+00:00,0.300,0.000,6.462
2020-01-14T06:00:00+00:00,0.110,0.000,5.708
2020-01-14T12:00:00+00:00,0.000,2.686,5.843
2020-01-14T18:00:00+00:00,0.030,2.686,5.087
2020-01-15T00:00:00+00:00,0.000,0.000,4.922
2020-01-15T06:00:00+00:00,0.000,0.000,4.678
2020-01-15T12:00:00+00:00,0.000,2.264,4.658
2020-01-15T18:00:00+00:00,0.000,2.264,4.490
2020-01-16T00:00:00+00:00,0.000,0.000,4.098
2020-01-16T06:00:00+00:00,0.000,0.000,4.153
2020-01-16T12:00:00+00:00,0.000,2.373,4.153
2020-01-16T18:00:00+00:00,0.130,2.373,4.355
2020-01-17T00:00:00+00:00,0.000,0.000,4.197
2020-01-17T06:00:00+00:00,0.230,0.000,4.572
2020-01-17T12:00:00+00:00,0.000,2.105,7.763
2020-01-17T18:00:00+00:00,0.000,2.105,9.103
2020-01-18T00:00:00+00:00,0.000,0.000,7.437
2020-01-18T06:00:00+00:00,0.000,0.000,6.297
2020-01-18T12:00:00+00:00,0.000,2.377,5.613
2020-01-18T18:00:00+00:00,0.000,2.377,5.198
2020-01-19T00:00:00+00:00,0.000,0.000,4.778
2020-01-19T06:00:00+00:00,0.000,0.000,4.622
2020-01-19T12:00:00+00:00,0.000,2.304,4.468
2020-01-19T18:00:00+00:00,0.000,2.304,4.310
2020-01-20T00:00:00+00:00,0.000,0.000,4.020
2020-01-20T06:00:00+00:00,0.000,0.000,3.993
2020-01-20T12:00:00+00:00,0.000,2.675,3.765
2020-01-20T18:00:00+00:00,0.000,2.675,3.873
2020-01-21T00:00:00+00:00,0.000,0.000,3.443
2020-01-21T06:00:00+00:00,0.000,0.000,3.413
2020-01-21T12:00:00+00:00,0.000,3.033,3.452
2020-01-21T18:00:00+00:00,0.000,3.033,4.028
2020-01-22T00:00:00+00:00,0.000,0.000,4.290
2020-01-22T06:00:00+00:00,0.000,0.000,4.223
2020-01-22T12:00:00+00:00,0.000,2.450,4.290
2020-01-22T18:00:00+00:00,0.000,2.450,4.155
2020-01-23T00:00:00+00:00,0.000,0.000,4.215
2020-01-23T06:00:00+00:00,0.570,0.000,4.280
2020-01-23T12:00:00+00:00,2.210,2.590,4.280
2020-01-23T18:00:00+00:00,0.060,2.590,4.480
2020-01-24T00:00:00+00:00,2.050,0.000,4.613
2020-01-24T06:00:00+00:00,0.310,0.000,4.480
2020-01-24T12:00:00+00:00,0.000,2.716,4.613
2020-01-24T18:00:00+00:00,0.000,2.716,4.947
2020-01-25T00:00:00+00:00,0.000,0.000,4.613
2020-01-25T06:00:00+00:00,0.000,0.000,4.413
2020-01-25T12:00:00+00:00,0.000,2.008,4.480
2020-01-25T18:00:00+00:00,0.000,2.008,4.145
2020-01-26T00:00:00+00:00,0.000,0.000,3.937
2020-01-26T06:00:00+00:00,0.000,0.000,3.977
2020-01-26T12:00:00+00:00,0.000,2.417,4.047
2020-01-26T18:00:00+00:00,0.000,2.417,4.040
2020-01-27T00:00:00+00:00,0.000,0.000,3.697
2020-01-27T06:00:00+00:00,0.000,0.000,3.750
2020-01-27T12:00:00+00:00,0.000,2.173,3.743
2020-01-27T18:00:00+00:00,0.000,2.173,3.742
2020-01-28T00:00:00+00:00,0.000,0.000,3.620
2020-01-28T06:00:00+00:00,0.000,0.000,3.618
2020-01-28T12:00:00+00:00,0.000,2.888,3.723
2020-01-28T18:00:00+00:00,0.000,2.888,3.553
2020-01-29T00:00:00+00:00,0.000,0.000,3.430
2020-01-29T06:00:00+00:00,0.000,0.000,3.483
2020-01-29T12:00:00+00:00,0.000,2.490,3.533
2020-01-29T18:00:00+00:00,0.000,2.490,3.528
2020-01-30T00:00:00+00:00,0.000,0.000,3.127
2020-01-30T06:00:00+00:00,0.000,0.000,3.457
2020-01-30T12:00:00+00:00,0.510,2.015,3.967
2020-01-30T18:00:00+00:00,3.400,2.015,4.022
2020-01-31T00:00:00+00:00,0.050,0.000,3.730
2020-01-31T06:00:00+00:00,0.030,0.000,3.730
2020-01-31T12:00:00+00:00,0.000,2.514,4.188
2020-01-31T18:00:00+00:00,0.030,2.514,4.288
2020-02-01T00:00:00+00:00,0.000,0.000,4.407
2020-02-01T06:00:00+00:00,0.000,0.000,4.352
2020-02-01T12:00:00+00:00,0.000,2.325,4.360
2020-02-01T18:00:00+00:00,2.130,2.325,4.587
2020-02-02T00:00:00+00:00,0.220,0.000,4.313
2020-02-02T06:00:00+00:00,0.320,0.000,4.370
2020-02-02T12:00:00+00:00,2.960,2.301,4.887
2020-02-02T18:00:00+00:00,9.970,2.301,6.310
2020-02-03T00:00:00+00:00,14.090,0.000,6.607
2020-02-03T06:00:00+00:00,0.160,0.000,7.422
2020-02-03T12:00:00+00:00,0.000,2.383,8.708
2020-02-03T18:00:00+00:00,14.440,2.383,11.062
2020-02-04T00:00:00+00:00,0.140,0.000,11.417
2020-02-04T06:00:00+00:00,0.000,0.000,9.700
2020-02-04T12:00:00+00:00,0.000,2.119,8.382
2020-02-04T18:00:00+00:00,0.220,2.119,6.588
2020-02-05T00:00:00+00:00,0.000,0.000,6.665
2020-02-05T06:00:00+00:00,0.000,0.000,6.273
2020-02-05T12:00:00+00:00,0.000,2.335,5.882
2020-02-05T18:00:00+00:00,0.000,2.335,5.285
2020-02-06T00:00:00+00:00,0.210,0.000,5.825
2020-02-06T06:00:00+00:00,0.000,0.000,4.962
2020-02-06T12:00:00+00:00,0.000,2.844,5.237
2020-02-06T18:00:00+00:00,17.950,2.844,5.173
2020-02-07T00:00:00+00:00,0.050,0.000,7.918
2020-02-07T06:00:00+00:00,0.000,0.000,5.457
2020-02-07T12:00:00+00:00,0.000,2.431,5.327
2020-02-07T18:00:00+00:00,0.260,2.431,6.260
2020-02-08T00:00:00+00:00,1.890,0.000,5.997
2020-02-08T06:00:00+00:00,0.000,0.000,5.632
2020-02-08T12:00:00+00:00,0.000,2.414,5.783
2020-02-08T18:00:00+00:00,0.000,2.414,4.530
2020-02-09T00:00:00+00:00,1.020,0.000,4.683
2020-02-09T06:00:00+00:00,0.000,0.000,4.685
2020-02-09T12:00:00+00:00,0.050,2.125,4.837
2020-02-09T18:00:00+00:00,0.110,2.125,4.468
2020-02-10T00:00:00+00:00,0.000,0.000,4.398
2020-02-10T06:00:00+00:00,0.050,0.000,4.772
2020-02-10T12:00:00+00:00,1.280,1.699,4.478
2020-02-10T18:00:00+00:00,0.030,1.699,4.258
2020-02-11T00:00:00+00:00,0.000,0.000,4.333
2020-02-11T06:00:00+00:00,0.000,0.000,4.188
2020-02-11T12:00:00+00:00,0.000,2.122,4.188
2020-02-11T18:00:00+00:00,0.000,2.122,4.267
2020-02-12T00:00:00+00:00,0.570,0.000,4.120
2020-02-12T06:00:00+00:00,0.000,0.000,4.047
2020-02-12T12:00:00+00:00,0.000,1.854,4.050
2020-02-12T18:00:00+00:00,0.110,1.854,4.053
2020-02-13T00:00:00+00:00,0.000,0.000,4.052
2020-02-13T06:00:00+00:00,0.000,0.000,3.607
2020-02-13T12:00:00+00:00,0.000,1.673,3.832
2020-02-13T18:00:00+00:00,0.000,1.673,3.683
2020-02-14T00:00:00+00:00,0.000,0.000,3.978
2020-02-14T06:00:00+00:00,0.000,0.000,3.092
2020-02-14T12:00:00+00:00,0.000,1.935,3.535
2020-02-14T18:00:00+00:00,0.000,1.935,3.610
2020-02-15T00:00:00+00:00,0.000,0.000,3.240
2020-02-15T06:00:00+00:00,0.000,0.000,3.387
2020-02-15T12:00:00+00:00,0.000,1.818,3.612
2020-02-15T18:00:00+00:00,0.000,1.818,3.460
2020-02-16T00:00:00+00:00,0.000,0.000,3.462
2020-02-16T06:00:00+00:00,0.000,0.000,3.238
2020-02-16T12:00:00+00:00,0.000,1.911,3.313
2020-02-16T18:00:00+00:00,0.000,1.911,3.313
2020-02-17T00:00:00+00:00,0.000,0.000,3.240
2020-02-17T06:00:00+00:00,0.000,0.000,3.240
2020-02-17T12:00:00+00:00,0.000,1.794,3.313
2020-02-17T18:00:00+00:00,0.000,1.794,3.313
2020-02-18T00:00:00+00:00,0.000,0.000,3.092
2020-02-18T06:00:00+00:00,0.000,0.000,3.235
2020-02-18T12:00:00+00:00,0.000,2.100,3.158
2020-02-18T18:00:00+00:00,0.000,2.100,3.087
2020-02-19T00:00:00+00:00,0.000,0.000,3.087
2020-02-19T06:00:00+00:00,0.000,0.000,3.085
2020-02-19T12:00:00+00:00,0.000,1.795,3.452
2020-02-19T18:00:00+00:00,1.710,1.795,3.378
2020-02-20T00:00:00+00:00,0.000,0.000,3.232
2020-02-20T06:00:00+00:00,2.900,0.000,3.452
2020-02-20T12:00:00+00:00,0.000,2.403,3.600
2020-02-20T18:00:00+00:00,0.950,2.403,3.970
2020-02-21T00:00:00+00:00,3.960,0.000,3.677
2020-02-21T06:00:00+00:00,0.000,0.000,4.343
2020-02-21T12:00:00+00:00,0.000,2.229,4.497
2020-02-21T18:00:00+00:00,0.000,2.229,4.202
2020-02-22T00:00:00+00:00,0.000,0.000,4.055
2020-02-22T06:00:00+00:00,0.880,0.000,4.575
2020-02-22T12:00:00+00:00,0.000,2.061,3.837
2020-02-22T18:00:00+00:00,2.800,2.061,3.763
2020-02-23T00:00:00+00:00,1.840,0.000,3.763
2020-02-23T06:00:00+00:00,0.000,0.000,3.763
2020-02-23T12:00:00+00:00,0.000,1.877,3.763
2020-02-23T18:00:00+00:00,0.000,1.877,3.767
2020-02-24T00:00:00+00:00,0.000,0.000,3.622
2020-02-24T06:00:00+00:00,0.000,0.000,3.695
2020-02-24T12:00:00+00:00,0.000,1.839,3.545
2020-02-24T18:00:00+00:00,0.000,1.839,3.398
2020-02-25T00:00:00+00:00,0.000,0.000,3.323
2020-02-25T06:00:00+00:00,0.000,0.000,3.323
2020-02-25T12:00:00+00:00,0.000,1.930,3.397
2020-02-25T18:00:00+00:00,1.170,1.930,3.693
2020-02-26T00:00:00+00:00,5.540,0.000,3.990
2020-02-26T06:00:00+00:00,12.540,0.000,5.028
2020-02-26T12:00:00+00:00,0.730,1.825,5.328
2020-02-26T18:00:00+00:00,5.840,1.825,7.183
2020-02-27T00:00:00+00:00,0.160,0.000,8.010
2020-02-27T06:00:00+00:00,0.000,0.000,7.873
2020-02-27T12:00:00+00:00,0.000,1.851,7.067
2020-02-27T18:00:00+00:00,0.000,1.851,6.558
2020-02-28T00:00:00+00:00,0.000,0.000,6.122
2020-02-28T06:00:00+00:00,0.000,0.000,5.682
2020-02-28T12:00:00+00:00,0.000,1.863,4.505
2020-02-28T18:00:00+00:00,0.000,1.863,4.358
2020-02-29T00:00:00+00:00,0.000,0.000,4.730
2020-02-29T06:00:00+00:00,0.000,0.000,4.142
2020-02-29T12:00:00+00:00,0.000,1.970,3.400
2020-02-29T18:00:00+00:00,0.000,1.970,3.770
2020-03-01T00:00:00+00:00,0.000,0.000,4.142
2020-03-01T06:00:00+00:00,0.000,0.000,3.477
2020-03-01T12:00:00+00:00,0.000,2.255,3.403
2020-03-01T18:00:00+00:00,0.000,2.255,3.402
2020-03-02T00:00:00+00:00,0.000,0.000,3.178
2020-03-02T06:00:00+00:00,0.000,0.000,3.398
2020-03-02T12:00:00+00:00,0.000,1.943,3.252
2020-03-02T18:00:00+00:00,0.000,1.943,2.437
2020-03-03T00:00:00+00:00,0.000,0.000,3.842
2020-03-03T06:00:00+00:00,0.000,0.000,3.025
2020-03-03T12:00:00+00:00,0.000,1.908,2.952
2020-03-03T18:00:00+00:00,0.000,1.908,2.877
2020-03-04T00:00:00+00:00,0.900,0.000,4.518
2020-03-04T06:00:00+00:00,0.050,0.000,3.172
2020-03-04T12:00:00+00:00,0.000,2.386,3.172
2020-03-04T18:00:00+00:00,0.000,2.386,2.723
2020-03-05T00:00:00+00:00,0.050,0.000,3.538
2020-03-05T06:00:00+00:00,0.000,0.000,3.685
2020-03-05T12:00:00+00:00,0.000,1.925,3.388
2020-03-05T18:00:00+00:00,0.000,1.925,3.168
2020-03-06T00:00:00+00:00,0.000,0.000,3.390
2020-03-06T06:00:00+00:00,0.000,0.000,2.943
2020-03-06T12:00:00+00:00,0.000,2.179,3.163
2020-03-06T18:00:00+00:00,0.000,2.179,2.422
2020-03-07T00:00:00+00:00,0.000,0.000,3.458
2020-03-07T06:00:00+00:00,0.000,0.000,2.863
2020-03-07T12:00:00+00:00,0.000,1.791,3.012
2020-03-07T18:00:00+00:00,0.000,1.791,2.787
2020-03-08T00:00:00+00:00,0.000,0.000,2.935
2020-03-08T06:00:00+00:00,0.000,0.000,3.748
2020-03-08T12:00:00+00:00,5.710,2.266,3.377
2020-03-08T18:00:00+00:00,0.050,2.266,3.153
2020-03-09T00:00:00+00:00,0.000,0.000,3.672
2020-03-09T06:00:00+00:00,0.000,0.000,3.747
2020-03-09T12:00:00+00:00,0.000,2.098,3.750
2020-03-09T18:00:00+00:00,0.000,2.098,3.525
2020-03-10T00:00:00+00:00,0.000,0.000,3.897
2020-03-10T06:00:00+00:00,0.000,0.000,3.675
2020-03-10T12:00:00+00:00,0.000,1.895,3.453
2020-03-10T18:00:00+00:00,0.000,1.895,2.860
2020-03-11T00:00:00+00:00,0.000,0.000,3.080
2020-03-11T06:00:00+00:00,0.000,0.000,3.007
2020-03-11T12:00:00+00:00,0.000,2.239,2.930
2020-03-11T18:00:00+00:00,0.000,2.239,2.928
2020-03-12T00:00:00+00:00,0.000,0.000,3.003
2020-03-12T06:00:00+00:00,0.000,0.000,2.850
2020-03-12T12:00:00+00:00,0.000,2.173,2.925
2020-03-12T18:00:00+00:00,0.000,2.173,2.552
2020-03-13T00:00:00+00:00,0.000,0.000,2.625
2020-03-13T06:00:00+00:00,0.000,0.000,2.843
2020-03-13T12:00:00+00:00,0.000,2.228,2.693
2020-03-13T18:00:00+00:00,0.000,2.228,2.547
2020-03-14T00:00:00+00:00,0.000,0.000,2.693
2020-03-14T06:00:00+00:00,0.000,0.000,2.538
2020-03-14T12:00:00+00:00,0.000,1.826,2.537
2020-03-14T18:00:00+00:00,0.000,1.826,2.610
2020-03-15T00:00:00+00:00,0.000,0.000,2.460
2020-03-15T06:00:00+00:00,0.000,0.000,2.458
2020-03-15T12:00:00+00:00,0.000,1.985,2.455
2020-03-15T18:00:00+00:00,0.000,1.985,2.378
2020-03-16T00:00:00+00:00,0.520,0.000,3.117
2020-03-16T06:00:00+00:00,0.100,0.000,2.525
2020-03-16T12:00:00+00:00,0.000,1.916,2.372
2020-03-16T18:00:00+00:00,0.000,1.916,3.478
2020-03-17T00:00:00+00:00,3.920,0.000,3.108
2020-03-17T06:00:00+00:00,2.110,0.000,2.958
2020-03-17T12:00:00+00:00,0.000,1.908,3.033
2020-03-17T18:00:00+00:00,0.000,1.908,2.882
2020-03-18T00:00:00+00:00,0.000,0.000,2.882
2020-03-18T06:00:00+00:00,0.000,0.000,2.805
2020-03-18T12:00:00+00:00,4.850,1.923,3.398
2020-03-18T18:00:00+00:00,1.380,1.923,4.283
2020-03-19T00:00:00+00:00,1.640,0.000,5.322
2020-03-19T06:00:00+00:00,2.190,0.000,4.737
2020-03-19T12:00:00+00:00,0.000,1.709,4.368
2020-03-19T18:00:00+00:00,7.690,1.709,5.630
2020-03-20T00:00:00+00:00,40.500,0.000,13.113
2020-03-20T06:00:00+00:00,1.740,0.000,12.623
2020-03-20T12:00:00+00:00,0.000,1.795,13.088
2020-03-20T18:00:00+00:00,7.420,1.795,14.553
2020-03-21T00:00:00+00:00,0.550,0.000,11.172
2020-03-21T06:00:00+00:00,0.000,0.000,9.090
2020-03-21T12:00:00+00:00,0.030,1.727,8.538
2020-03-21T18:00:00+00:00,0.000,1.727,8.467
2020-03-22T00:00:00+00:00,0.000,0.000,6.947
2020-03-22T06:00:00+00:00,0.000,0.000,5.740
2020-03-22T12:00:00+00:00,0.000,1.619,5.180
2020-03-22T18:00:00+00:00,0.000,1.619,4.457
2020-03-23T00:00:00+00:00,0.000,0.000,4.782
2020-03-23T06:00:00+00:00,0.000,0.000,4.298
2020-03-23T12:00:00+00:00,0.000,1.624,3.900
2020-03-23T18:00:00+00:00,0.000,1.624,3.250
2020-03-24T00:00:00+00:00,0.000,0.000,3.495
2020-03-24T06:00:00+00:00,0.000,0.000,3.733
2020-03-24T12:00:00+00:00,0.000,1.913,3.088
2020-03-24T18:00:00+00:00,0.000,1.913,3.412
2020-03-25T00:00:00+00:00,0.000,0.000,3.168
2020-03-25T06:00:00+00:00,0.000,0.000,3.168
2020-03-25T12:00:00+00:00,0.000,2.093,3.167
2020-03-25T18:00:00+00:00,0.000,2.093,3.087
2020-03-26T00:00:00+00:00,0.000,0.000,3.245
2020-03-26T06:00:00+00:00,0.000,0.000,3.082
2020-03-26T12:00:00+00:00,0.000,1.805,2.678
2020-03-26T18:00:00+00:00,0.000,1.805,2.835
2020-03-27T00:00:00+00:00,0.000,0.000,3.158
2020-03-27T06:00:00+00:00,0.000,0.000,2.672
2020-03-27T12:00:00+00:00,0.000,1.665,2.993
2020-03-27T18:00:00+00:00,0.000,1.665,2.508
2020-03-28T00:00:00+00:00,0.000,0.000,3.393
2020-03-28T06:00:00+00:00,0.000,0.000,2.502
2020-03-28T12:00:00+00:00,0.000,1.674,2.987
2020-03-28T18:00:00+00:00,0.000,1.674,2.015
2020-03-29T00:00:00+00:00,0.000,0.000,3.223
2020-03-29T06:00:00+00:00,0.000,0.000,2.657
2020-03-29T12:00:00+00:00,12.320,1.715,3.300
2020-03-29T18:00:00+00:00,1.280,1.715,3.623
2020-03-30T00:00:00+00:00,0.000,0.000,4.107
2020-03-30T06:00:00+00:00,0.000,0.000,3.783
2020-03-30T12:00:00+00:00,0.000,1.813,4.915
2020-03-30T18:00:00+00:00,0.000,1.813,4.468
2020-03-31T00:00:00+00:00,0.000,0.000,4.928
2020-03-31T06:00:00+00:00,0.000,0.000,3.880
2020-03-31T12:00:00+00:00,0.000,1.765,3.777
2020-03-31T18:00:00+00:00,0.000,1.765,2.917
2020-04-01T00:00:00+00:00,0.000,0.000,3.478
2020-04-01T06:00:00+00:00,0.000,0.000,3.232
2020-04-01T12:00:00+00:00,0.000,2.022,3.310
2020-04-01T18:00:00+00:00,0.000,2.022,2.338
2020-04-02T00:00:00+00:00,0.000,0.000,3.462
2020-04-02T06:00:00+00:00,0.000,0.000,2.570
2020-04-02T12:00:00+00:00,0.000,1.606,2.972
2020-04-02T18:00:00+00:00,0.000,1.606,2.077
2020-04-03T00:00:00+00:00,0.000,0.000,2.637
2020-04-03T06:00:00+00:00,0.000,0.000,2.632
2020-04-03T12:00:00+00:00,0.000,1.645,2.467
2020-04-03T18:00:00+00:00,0.000,1.645,2.622
2020-04-04T00:00:00+00:00,0.000,0.000,2.495
2020-04-04T06:00:00+00:00,0.000,0.000,2.313
2020-04-04T12:00:00+00:00,0.000,1.666,2.903
2020-04-04T18:00:00+00:00,0.000,1.666,2.600
2020-04-05T00:00:00+00:00,0.000,0.000,2.668
2020-04-05T06:00:00+00:00,0.000,0.000,2.443
2020-04-05T12:00:00+00:00,0.000,1.663,2.513
2020-04-05T18:00:00+00:00,0.000,1.663,2.357
2020-04-06T00:00:00+00:00,0.000,0.000,2.350
2020-04-06T06:00:00+00:00,0.000,0.000,2.347
2020-04-06T12:00:00+00:00,0.000,1.656,2.488
2020-04-06T18:00:00+00:00,0.000,1.656,2.705
2020-04-07T00:00:00+00:00,13.010,0.000,4.596
2020-04-07T06:00:00+00:00,0.220,0.000,3.145
2020-04-07T12:00:00+00:00,0.000,1.611,3.512
2020-04-07T18:00:00+00:00,0.000,1.611,4.030
2020-04-08T00:00:00+00:00,0.000,0.000,4.767
2020-04-08T06:00:00+00:00,0.000,0.000,4.695
2020-04-08T12:00:00+00:00,0.000,1.782,4.475
2020-04-08T18:00:00+00:00,0.000,1.782,3.955
2020-04-09T00:00:00+00:00,0.000,0.000,3.660
2020-04-09T06:00:00+00:00,0.000,0.000,3.358
2020-04-09T12:00:00+00:00,0.000,1.720,3.357
2020-04-09T18:00:00+00:00,0.000,1.720,3.133
2020-04-10T00:00:00+00:00,0.000,0.000,3.130
2020-04-10T06:00:00+00:00,0.000,0.000,2.978
2020-04-10T12:00:00+00:00,0.000,1.796,2.973
2020-04-10T18:00:00+00:00,0.000,1.796,2.897
2020-04-11T00:00:00+00:00,0.000,0.000,2.965
2020-04-11T06:00:00+00:00,0.000,0.000,2.813
2020-04-11T12:00:00+00:00,0.000,1.784,2.885
2020-04-11T18:00:00+00:00,0.000,1.784,2.733
2020-04-12T00:00:00+00:00,0.000,0.000,2.875
2020-04-12T06:00:00+00:00,0.000,0.000,2.648
2020-04-12T12:00:00+00:00,0.000,1.578,2.867
2020-04-12T18:00:00+00:00,0.000,1.578,2.715
2020-04-13T00:00:00+00:00,0.000,0.000,2.708
2020-04-13T06:00:00+00:00,0.000,0.000,2.630
2020-04-13T12:00:00+00:00,0.000,1.652,2.698
2020-04-13T18:00:00+00:00,0.030,1.652,2.503
2020-04-14T00:00:00+00:00,0.000,0.000,2.297
2020-04-14T06:00:00+00:00,1.970,0.000,4.515
2020-04-14T12:00:00+00:00,12.380,1.618,3.107
2020-04-14T18:00:00+00:00,0.000,1.618,3.773
2020-04-15T00:00:00+00:00,0.000,0.000,4.367
2020-04-15T06:00:00+00:00,0.000,0.000,4.517
2020-04-15T12:00:00+00:00,0.000,1.629,4.368
2020-04-15T18:00:00+00:00,0.030,1.629,4.372
2020-04-16T00:00:00+00:00,0.000,0.000,3.705
2020-04-16T06:00:00+00:00,0.000,0.000,3.557
2020-04-16T12:00:00+00:00,0.000,1.470,3.260
2020-04-16T18:00:00+00:00,0.000,1.470,3.110
2020-04-17T00:00:00+00:00,0.000,0.000,2.958
2020-04-17T06:00:00+00:00,0.000,0.000,2.883
2020-04-17T12:00:00+00:00,0.000,1.755,2.877
2020-04-17T18:00:00+00:00,0.000,1.755,2.803
2020-04-18T00:00:00+00:00,0.000,0.000,2.800
2020-04-18T06:00:00+00:00,0.000,0.000,2.650
2020-04-18T12:00:00+00:00,0.000,1.597,2.645
2020-04-18T18:00:00+00:00,0.000,1.597,2.717
2020-04-19T00:00:00+00:00,0.000,0.000,2.565
2020-04-19T06:00:00+00:00,0.000,0.000,2.637
2020-04-19T12:00:00+00:00,0.000,1.614,2.635
2020-04-19T18:00:00+00:00,0.000,1.614,2.483
2020-04-20T00:00:00+00:00,0.000,0.000,2.627
2020-04-20T06:00:00+00:00,0.000,0.000,2.473
2020-04-20T12:00:00+00:00,0.000,1.595,2.543
2020-04-20T18:00:00+00:00,0.000,1.595,2.617
2020-04-21T00:00:00+00:00,0.000,0.000,2.538
2020-04-21T06:00:00+00:00,0.000,0.000,2.462
2020-04-21T12:00:00+00:00,0.000,1.377,2.457
2020-04-21T18:00:00+00:00,0.000,1.377,2.590
2020-04-22T00:00:00+00:00,0.000,0.000,2.513
2020-04-22T06:00:00+00:00,0.000,0.000,2.577
2020-04-22T12:00:00+00:00,0.000,1.366,2.503
2020-04-22T18:00:00+00:00,0.000,1.366,2.368
2020-04-23T00:00:00+00:00,0.000,0.000,2.563
2020-04-23T06:00:00+00:00,0.000,0.000,2.427
2020-04-23T12:00:00+00:00,0.000,1.395,2.358
2020-04-23T18:00:00+00:00,0.000,1.395,2.710
2020-04-24T00:00:00+00:00,0.000,0.000,2.417
2020-04-24T06:00:00+00:00,0.000,0.000,2.408
2020-04-24T12:00:00+00:00,0.000,1.487,2.407
2020-04-24T18:00:00+00:00,0.030,1.487,2.202
2020-04-25T00:00:00+00:00,0.000,0.000,2.450
2020-04-25T06:00:00+00:00,0.000,0.000,2.797
2020-04-25T12:00:00+00:00,0.000,1.351,2.253
2020-04-25T18:00:00+00:00,0.000,1.351,2.053
2020-04-26T00:00:00+00:00,0.000,0.000,2.513
2020-04-26T06:00:00+00:00,0.000,0.000,2.377
2020-04-26T12:00:00+00:00,0.000,1.223,2.240
2020-04-26T18:00:00+00:00,0.000,1.223,1.767
2020-04-27T00:00:00+00:00,0.000,0.000,2.698
2020-04-27T06:00:00+00:00,0.000,0.000,2.223
2020-04-27T12:00:00+00:00,0.000,1.572,2.157
2020-04-27T18:00:00+00:00,0.000,1.572,1.947
2020-04-28T00:00:00+00:00,0.000,0.000,2.013
2020-04-28T06:00:00+00:00,0.000,0.000,2.603
2020-04-28T12:00:00+00:00,0.000,1.219,2.603
2020-04-28T18:00:00+00:00,0.000,1.219,1.528
2020-04-29T00:00:00+00:00,0.000,0.000,2.327
2020-04-29T06:00:00+00:00,0.000,0.000,2.257
2020-04-29T12:00:00+00:00,0.000,1.300,2.252
2020-04-29T18:00:00+00:00,0.000,1.300,1.647
2020-04-30T00:00:00+00:00,0.000,0.000,1.973
2020-04-30T06:00:00+00:00,0.000,0.000,2.037
2020-04-30T12:00:00+00:00,0.000,1.329,2.097
2020-04-30T18:00:00+00:00,0.000,1.329,2.063
2020-05-01T00:00:00+00:00,0.000,0.000,2.213
2020-05-01T06:00:00+00:00,0.000,0.000,2.280
2020-05-01T12:00:00+00:00,0.000,1.325,2.272
2020-05-01T18:00:00+00:00,0.000,1.325,2.270
2020-05-02T00:00:00+00:00,0.050,0.000,2.203
2020-05-02T06:00:00+00:00,0.000,0.000,2.337
2020-05-02T12:00:00+00:00,0.000,1.299,2.270
2020-05-02T18:00:00+00:00,0.000,1.299,2.203
2020-05-03T00:00:00+00:00,0.000,0.000,2.132
2020-05-03T06:00:00+00:00,0.000,0.000,2.260
2020-05-03T12:00:00+00:00,0.000,1.396,2.193
2020-05-03T18:00:00+00:00,0.000,1.396,2.193
2020-05-04T00:00:00+00:00,0.000,0.000,2.127
2020-05-04T06:00:00+00:00,0.000,0.000,2.327
2020-05-04T12:00:00+00:00,0.000,1.245,2.127
2020-05-04T18:00:00+00:00,0.000,1.245,2.185
2020-05-05T00:00:00+00:00,0.000,0.000,2.117
2020-05-05T06:00:00+00:00,0.000,0.000,2.183
2020-05-05T12:00:00+00:00,0.000,1.131,2.183
2020-05-05T18:00:00+00:00,0.030,1.131,2.183
2020-05-06T00:00:00+00:00,0.000,0.000,2.250
2020-05-06T06:00:00+00:00,0.000,0.000,2.245
2020-05-06T12:00:00+00:00,0.000,1.129,2.273
2020-05-06T18:00:00+00:00,0.000,1.129,2.387
2020-05-07T00:00:00+00:00,0.000,0.000,2.217
2020-05-07T06:00:00+00:00,0.000,0.000,2.727
2020-05-07T12:00:00+00:00,0.000,1.345,2.292
2020-05-07T18:00:00+00:00,0.000,1.345,2.868
2020-05-08T00:00:00+00:00,0.000,0.000,2.347
2020-05-08T06:00:00+00:00,0.000,0.000,2.233
2020-05-08T12:00:00+00:00,0.000,1.229,2.347
2020-05-08T18:00:00+00:00,0.000,1.229,2.233
2020-05-09T00:00:00+00:00,0.000,0.000,2.233
2020-05-09T06:00:00+00:00,0.000,0.000,2.177
2020-05-09T12:00:00+00:00,0.000,1.144,2.120
2020-05-09T18:00:00+00:00,0.000,1.144,2.233
2020-05-10T00:00:00+00:00,0.000,0.000,2.120
2020-05-10T06:00:00+00:00,0.000,0.000,2.177
2020-05-10T12:00:00+00:00,0.000,1.116,2.290
2020-05-10T18:00:00+00:00,0.000,1.116,2.063
2020-05-11T00:00:00+00:00,0.000,0.000,2.110
2020-05-11T06:00:00+00:00,0.000,0.000,2.223
2020-05-11T12:00:00+00:00,0.000,1.048,2.167
2020-05-11T18:00:00+00:00,0.000,1.048,2.110
2020-05-12T00:00:00+00:00,0.000,0.000,1.657
2020-05-12T06:00:00+00:00,0.000,0.000,2.110
2020-05-12T12:00:00+00:00,0.000,1.025,2.393
2020-05-12T18:00:00+00:00,0.000,1.025,1.940
2020-05-13T00:00:00+00:00,0.000,0.000,2.053
2020-05-13T06:00:00+00:00,0.000,0.000,2.280
2020-05-13T12:00:00+00:00,0.440,1.072,2.158
2020-05-13T18:00:00+00:00,0.720,1.072,2.270
2020-05-14T00:00:00+00:00,22.340,0.000,5.395
2020-05-14T06:00:00+00:00,1.610,0.000,3.927
2020-05-14T12:00:00+00:00,0.450,1.094,4.160
2020-05-14T18:00:00+00:00,0.170,1.094,4.390
2020-05-15T00:00:00+00:00,0.000,0.000,4.460
2020-05-15T06:00:00+00:00,0.000,0.000,4.745
2020-05-15T12:00:00+00:00,0.000,1.165,4.547
2020-05-15T18:00:00+00:00,0.000,1.165,4.218
2020-05-16T00:00:00+00:00,0.000,0.000,3.690
2020-05-16T06:00:00+00:00,0.000,0.000,3.423
2020-05-16T12:00:00+00:00,0.000,1.155,3.357
2020-05-16T18:00:00+00:00,0.000,1.155,3.157
2020-05-17T00:00:00+00:00,0.000,0.000,2.890
2020-05-17T06:00:00+00:00,0.000,0.000,2.623
2020-05-17T12:00:00+00:00,0.000,1.059,2.760
2020-05-17T18:00:00+00:00,0.030,1.059,2.758
2020-05-18T00:00:00+00:00,0.000,0.000,2.828
2020-05-18T06:00:00+00:00,0.000,0.000,2.697
2020-05-18T12:00:00+00:00,0.000,0.818,2.765
2020-05-18T18:00:00+00:00,0.000,0.818,2.367
2020-05-19T00:00:00+00:00,0.000,0.000,2.700
2020-05-19T06:00:00+00:00,0.000,0.000,2.432
2020-05-19T12:00:00+00:00,0.000,0.920,3.033
2020-05-19T18:00:00+00:00,0.030,0.920,2.100
2020-05-20T00:00:00+00:00,0.000,0.000,2.300
2020-05-20T06:00:00+00:00,0.000,0.000,2.500
2020-05-20T12:00:00+00:00,0.000,1.043,2.700
2020-05-20T18:00:00+00:00,0.000,1.043,2.028
2020-05-21T00:00:00+00:00,0.000,0.000,2.293
2020-05-21T06:00:00+00:00,0.000,0.000,2.290
2020-05-21T12:00:00+00:00,0.000,0.980,2.423
2020-05-21T18:00:00+00:00,0.000,0.980,2.223
2020-05-22T00:00:00+00:00,0.000,0.000,2.290
2020-05-22T06:00:00+00:00,0.000,0.000,2.290
2020-05-22T12:00:00+00:00,0.000,0.955,2.423
2020-05-22T18:00:00+00:00,2.780,0.955,5.632
2020-05-23T00:00:00+00:00,48.190,0.000,7.445
2020-05-23T06:00:00+00:00,1.250,0.000,8.525
2020-05-23T12:00:00+00:00,0.380,0.818,8.937
2020-05-23T18:00:00+00:00,0.000,0.818,10.422
2020-05-24T00:00:00+00:00,0.000,0.000,10.505
2020-05-24T06:00:00+00:00,0.000,0.000,8.650
2020-05-24T12:00:00+00:00,0.000,0.719,6.923
2020-05-24T18:00:00+00:00,0.000,0.719,5.533
2020-05-25T00:00:00+00:00,0.000,0.000,4.867
2020-05-25T06:00:00+00:00,0.000,0.000,4.340
2020-05-25T12:00:00+00:00,0.000,0.971,4.143
2020-05-25T18:00:00+00:00,0.000,0.971,3.647
2020-05-26T00:00:00+00:00,0.000,0.000,3.647
2020-05-26T06:00:00+00:00,0.000,0.000,3.577
2020-05-26T12:00:00+00:00,0.000,1.067,3.357
2020-05-26T18:00:00+00:00,0.030,1.067,3.282
2020-05-27T00:00:00+00:00,0.000,0.000,3.212
2020-05-27T06:00:00+00:00,0.000,0.000,3.285
2020-05-27T12:00:00+00:00,0.000,0.854,3.285
2020-05-27T18:00:00+00:00,0.030,0.854,2.842
2020-05-28T00:00:00+00:00,0.000,0.000,3.142
2020-05-28T06:00:00+00:00,0.000,0.000,2.845
2020-05-28T12:00:00+00:00,0.000,0.852,2.770
2020-05-28T18:00:00+00:00,0.000,0.852,2.845
2020-05-29T00:00:00+00:00,0.000,0.000,2.697
2020-05-29T06:00:00+00:00,0.000,0.000,2.697
2020-05-29T12:00:00+00:00,0.000,0.887,2.773
2020-05-29T18:00:00+00:00,0.000,0.887,2.698
2020-05-30T00:00:00+00:00,0.000,0.000,2.547
2020-05-30T06:00:00+00:00,0.000,0.000,2.622
2020-05-30T12:00:00+00:00,0.000,0.802,2.623
2020-05-30T18:00:00+00:00,0.000,0.802,2.623
2020-05-31T00:00:00+00:00,0.000,0.000,2.622
2020-05-31T06:00:00+00:00,0.000,0.000,2.473
2020-05-31T12:00:00+00:00,0.000,0.875,2.622
2020-05-31T18:00:00+00:00,0.000,0.875,2.623
2020-06-01T00:00:00+00:00,0.000,0.000,2.620
2020-06-01T06:00:00+00:00,0.000,0.000,2.473
2020-06-01T12:00:00+00:00,0.000,0.749,2.697
2020-06-01T18:00:00+00:00,0.000,0.749,3.242
2020-06-02T00:00:00+00:00,1.140,0.000,2.328
2020-06-02T06:00:00+00:00,15.170,0.000,4.475
2020-06-02T12:00:00+00:00,4.740,0.703,4.402
2020-06-02T18:00:00+00:00,2.730,0.703,4.850
2020-06-03T00:00:00+00:00,2.910,0.000,5.893
2020-06-03T06:00:00+00:00,0.430,0.000,6.342
2020-06-03T12:00:00+00:00,0.940,0.805,12.865
2020-06-03T18:00:00+00:00,0.430,0.805,6.222
2020-06-04T00:00:00+00:00,0.000,0.000,5.342
2020-06-04T06:00:00+00:00,0.000,0.000,4.825
2020-06-04T12:00:00+00:00,7.510,0.725,5.645
2020-06-04T18:00:00+00:00,1.090,0.725,4.982
2020-06-05T00:00:00+00:00,0.000,0.000,5.580
2020-06-05T06:00:00+00:00,1.660,0.000,5.882
2020-06-05T12:00:00+00:00,0.560,0.723,6.183
2020-06-05T18:00:00+00:00,0.910,0.723,5.737
2020-06-06T00:00:00+00:00,0.000,0.000,5.963
2020-06-06T06:00:00+00:00,1.980,0.000,5.600
2020-06-06T12:00:00+00:00,2.140,0.736,5.455
2020-06-06T18:00:00+00:00,0.600,0.736,5.237
2020-06-07T00:00:00+00:00,0.000,0.000,5.310
2020-06-07T06:00:00+00:00,0.000,0.000,5.535
2020-06-07T12:00:00+00:00,0.000,0.799,6.578
2020-06-07T18:00:00+00:00,0.000,0.799,5.102
2020-06-08T00:00:00+00:00,0.000,0.000,5.177
2020-06-08T06:00:00+00:00,0.000,0.000,4.590
2020-06-08T12:00:00+00:00,0.000,0.993,4.440
2020-06-08T18:00:00+00:00,0.000,0.993,4.147
2020-06-09T00:00:00+00:00,0.000,0.000,3.922
2020-06-09T06:00:00+00:00,0.000,0.000,3.847
2020-06-09T12:00:00+00:00,0.000,0.840,3.993
2020-06-09T18:00:00+00:00,0.000,0.840,3.770
2020-06-10T00:00:00+00:00,0.000,0.000,3.992
2020-06-10T06:00:00+00:00,0.000,0.000,3.988
2020-06-10T12:00:00+00:00,0.000,0.927,4.210
2020-06-10T18:00:00+00:00,0.000,0.927,3.765
2020-06-11T00:00:00+00:00,0.000,0.000,3.690
2020-06-11T06:00:00+00:00,0.000,0.000,3.613
2020-06-11T12:00:00+00:00,0.000,1.045,3.612
2020-06-11T18:00:00+00:00,0.000,1.045,3.533
2020-06-12T00:00:00+00:00,0.000,0.000,3.978
2020-06-12T06:00:00+00:00,0.000,0.000,4.273
2020-06-12T12:00:00+00:00,0.000,0.916,4.050
2020-06-12T18:00:00+00:00,0.000,0.916,3.680
2020-06-13T00:00:00+00:00,0.000,0.000,3.452
2020-06-13T06:00:00+00:00,0.000,0.000,3.305
2020-06-13T12:00:00+00:00,0.000,0.984,3.375
2020-06-13T18:00:00+00:00,0.000,0.984,3.148
2020-06-14T00:00:00+00:00,0.000,0.000,3.220
2020-06-14T06:00:00+00:00,0.000,0.000,3.068
2020-06-14T12:00:00+00:00,0.000,0.842,3.063
2020-06-14T18:00:00+00:00,0.000,0.842,3.135
2020-06-15T00:00:00+00:00,0.000,0.000,2.983
2020-06-15T06:00:00+00:00,0.000,0.000,2.980
2020-06-15T12:00:00+00:00,0.000,0.973,2.903
2020-06-15T18:00:00+00:00,0.000,0.973,2.973
2020-06-16T00:00:00+00:00,0.000,0.000,2.897
2020-06-16T06:00:00+00:00,0.000,0.000,2.817
2020-06-16T12:00:00+00:00,0.000,0.927,2.962
2020-06-16T18:00:00+00:00,0.000,0.927,2.958
2020-06-17T00:00:00+00:00,0.000,0.000,2.805
2020-06-17T06:00:00+00:00,0.000,0.000,2.875
2020-06-17T12:00:00+00:00,0.000,1.028,2.945
2020-06-17T18:00:00+00:00,0.000,1.028,2.867
2020-06-18T00:00:00+00:00,0.000,0.000,2.938
2020-06-18T06:00:00+00:00,0.000,0.000,2.710
2020-06-18T12:00:00+00:00,0.000,0.836,2.703
2020-06-18T18:00:00+00:00,0.000,0.836,2.700
2020-06-19T00:00:00+00:00,0.000,0.000,2.620
2020-06-19T06:00:00+00:00,0.000,0.000,2.543
2020-06-19T12:00:00+00:00,0.000,0.766,2.683
2020-06-19T18:00:00+00:00,0.000,0.766,2.460
2020-06-20T00:00:00+00:00,0.000,0.000,2.527
2020-06-20T06:00:00+00:00,0.000,0.000,2.522
2020-06-20T12:00:00+00:00,0.000,0.747,2.662
2020-06-20T18:00:00+00:00,0.000,0.747,2.365
2020-06-21T00:00:00+00:00,0.000,0.000,2.580
2020-06-21T06:00:00+00:00,0.000,0.000,2.500
2020-06-21T12:00:00+00:00,0.000,0.840,2.493
2020-06-21T18:00:00+00:00,0.000,0.840,2.413
2020-06-22T00:00:00+00:00,0.000,0.000,2.410
2020-06-22T06:00:00+00:00,0.000,0.000,2.480
2020-06-22T12:00:00+00:00,0.000,0.848,2.473
2020-06-22T18:00:00+00:00,0.000,0.848,2.572
2020-06-23T00:00:00+00:00,0.000,0.000,2.560
2020-06-23T06:00:00+00:00,0.000,0.000,2.558
2020-06-23T12:00:00+00:00,0.000,0.831,2.617
2020-06-23T18:00:00+00:00,0.000,0.831,2.482
2020-06-24T00:00:00+00:00,0.000,0.000,2.540
2020-06-24T06:00:00+00:00,0.000,0.000,2.468
2020-06-24T12:00:00+00:00,0.000,0.859,2.463
2020-06-24T18:00:00+00:00,0.000,0.859,2.458
2020-06-25T00:00:00+00:00,0.000,0.000,2.453
2020-06-25T06:00:00+00:00,0.000,0.000,2.512
2020-06-25T12:00:00+00:00,0.000,0.925,2.443
2020-06-25T18:00:00+00:00,0.000,0.925,2.903
2020-06-26T00:00:00+00:00,9.530,0.000,3.167
2020-06-26T06:00:00+00:00,1.060,0.000,2.967
2020-06-26T12:00:00+00:00,0.050,0.706,3.158
2020-06-26T18:00:00+00:00,0.000,0.706,4.425
2020-06-27T00:00:00+00:00,53.500,0.000,12.185
2020-06-27T06:00:00+00:00,46.540,0.000,21.273
2020-06-27T12:00:00+00:00,7.920,0.818,31.222
2020-06-27T18:00:00+00:00,0.310,0.818,34.488
2020-06-28T00:00:00+00:00,1.110,0.000,37.782
2020-06-28T06:00:00+00:00,0.050,0.000,38.037
2020-06-28T12:00:00+00:00,0.030,0.828,31.098
2020-06-28T18:00:00+00:00,0.000,0.828,25.518
2020-06-29T00:00:00+00:00,0.050,0.000,21.807
2020-06-29T06:00:00+00:00,0.000,0.000,16.832
2020-06-29T12:00:00+00:00,0.000,0.815,13.657
2020-06-29T18:00:00+00:00,0.000,0.815,12.117
2020-06-30T00:00:00+00:00,0.000,0.000,10.840
2020-06-30T06:00:00+00:00,0.000,0.000,9.793
2020-06-30T12:00:00+00:00,0.000,1.025,9.133
2020-06-30T18:00:00+00:00,0.000,1.025,9.558
2020-07-01T00:00:00+00:00,10.140,0.000,16.135
2020-07-01T06:00:00+00:00,2.150,0.000,7.513
2020-07-01T12:00:00+00:00,0.000,0.877,8.375
2020-07-01T18:00:00+00:00,0.000,0.877,15.925
2020-07-02T00:00:00+00:00,0.000,0.000,17.078
2020-07-02T06:00:00+00:00,0.000,0.000,13.122
2020-07-02T12:00:00+00:00,0.000,0.860,10.795
2020-07-02T18:00:00+00:00,0.000,0.860,8.792
2020-07-03T00:00:00+00:00,0.000,0.000,8.235
2020-07-03T06:00:00+00:00,0.000,0.000,6.950
2020-07-03T12:00:00+00:00,0.000,0.825,6.793
2020-07-03T18:00:00+00:00,0.000,0.825,6.312
2020-07-04T00:00:00+00:00,0.000,0.000,5.990
2020-07-04T06:00:00+00:00,0.000,0.000,5.828
2020-07-04T12:00:00+00:00,0.000,0.942,5.420
2020-07-04T18:00:00+00:00,0.000,0.942,5.502
2020-07-05T00:00:00+00:00,0.000,0.000,5.175
2020-07-05T06:00:00+00:00,0.000,0.000,5.090
2020-07-05T12:00:00+00:00,0.000,1.007,5.088
2020-07-05T18:00:00+00:00,0.000,1.007,5.083
2020-07-06T00:00:00+00:00,0.000,0.000,4.840
2020-07-06T06:00:00+00:00,0.000,0.000,4.832
2020-07-06T12:00:00+00:00,0.000,0.980,4.828
2020-07-06T18:00:00+00:00,0.000,0.980,4.788
2020-07-07T00:00:00+00:00,0.110,0.000,4.122
2020-07-07T06:00:00+00:00,0.030,0.000,4.353
2020-07-07T12:00:00+00:00,0.170,0.945,4.585
2020-07-07T18:00:00+00:00,0.000,0.945,3.897
2020-07-08T00:00:00+00:00,0.000,0.000,4.688
2020-07-08T06:00:00+00:00,0.000,0.000,3.923
2020-07-08T12:00:00+00:00,0.000,0.890,4.715
2020-07-08T18:00:00+00:00,0.540,0.890,4.248
2020-07-09T00:00:00+00:00,0.110,0.000,4.225
2020-07-09T06:00:00+00:00,0.000,0.000,4.053
2020-07-09T12:00:00+00:00,0.000,0.919,4.105
2020-07-09T18:00:00+00:00,0.050,0.919,4.082
2020-07-10T00:00:00+00:00,0.000,0.000,4.058
2020-07-10T06:00:00+00:00,0.000,0.000,3.960
2020-07-10T12:00:00+00:00,0.000,1.040,3.862
2020-07-10T18:00:00+00:00,0.000,1.040,3.765
2020-07-11T00:00:00+00:00,0.000,0.000,3.740
2020-07-11T06:00:00+00:00,0.000,0.000,3.640
2020-07-11T12:00:00+00:00,0.000,1.006,3.688
2020-07-11T18:00:00+00:00,0.000,1.006,3.398
2020-07-12T00:00:00+00:00,0.000,0.000,3.925
2020-07-12T06:00:00+00:00,0.000,0.000,3.765
2020-07-12T12:00:00+00:00,0.000,0.968,4.140
2020-07-12T18:00:00+00:00,0.000,0.968,3.510
2020-07-13T00:00:00+00:00,0.000,0.000,3.817
2020-07-13T06:00:00+00:00,0.000,0.000,3.587
2020-07-13T12:00:00+00:00,0.000,1.033,3.963
2020-07-13T18:00:00+00:00,0.000,1.033,3.200
2020-07-14T00:00:00+00:00,0.160,0.000,3.303
2020-07-14T06:00:00+00:00,1.110,0.000,3.673
2020-07-14T12:00:00+00:00,0.000,1.128,3.178
2020-07-14T18:00:00+00:00,0.000,1.128,3.707
2020-07-15T00:00:00+00:00,0.000,0.000,4.527
2020-07-15T06:00:00+00:00,0.000,0.000,3.250
2020-07-15T12:00:00+00:00,0.000,1.064,4.108
2020-07-15T18:00:00+00:00,0.000,1.064,3.902
2020-07-16T00:00:00+00:00,0.000,0.000,3.895
2020-07-16T06:00:00+00:00,0.000,0.000,3.887
2020-07-16T12:00:00+00:00,0.000,1.001,3.853
2020-07-16T18:00:00+00:00,0.000,1.001,4.120
2020-07-17T00:00:00+00:00,0.000,0.000,3.853
2020-07-17T06:00:00+00:00,0.000,0.000,3.910
2020-07-17T12:00:00+00:00,0.000,1.013,4.178
2020-07-17T18:00:00+00:00,0.000,1.013,3.710
2020-07-18T00:00:00+00:00,0.000,0.000,3.577
2020-07-18T06:00:00+00:00,0.000,0.000,3.873
2020-07-18T12:00:00+00:00,0.000,1.029,3.970
2020-07-18T18:00:00+00:00,0.210,1.029,3.850
2020-07-19T00:00:00+00:00,0.000,0.000,3.790
2020-07-19T06:00:00+00:00,0.000,0.000,3.677
2020-07-19T12:00:00+00:00,0.000,1.070,4.017
2020-07-19T18:00:00+00:00,0.000,1.070,3.558
2020-07-20T00:00:00+00:00,0.000,0.000,3.667
2020-07-20T06:00:00+00:00,0.000,0.000,3.553
2020-07-20T12:00:00+00:00,0.000,0.989,3.720
2020-07-20T18:00:00+00:00,0.000,0.989,3.637
2020-07-21T00:00:00+00:00,0.000,0.000,3.900
2020-07-21T06:00:00+00:00,0.000,0.000,3.843
2020-07-21T12:00:00+00:00,0.000,1.006,3.847
2020-07-21T18:00:00+00:00,0.000,1.006,3.853
2020-07-22T00:00:00+00:00,0.000,0.000,3.740
2020-07-22T06:00:00+00:00,0.000,0.000,3.740
2020-07-22T12:00:00+00:00,0.000,1.083,3.797
2020-07-22T18:00:00+00:00,0.000,1.083,3.797
2020-07-23T00:00:00+00:00,0.000,0.000,3.683
2020-07-23T06:00:00+00:00,0.000,0.000,3.570
2020-07-23T12:00:00+00:00,0.000,1.107,3.740
2020-07-23T18:00:00+00:00,0.000,1.107,3.797
2020-07-24T00:00:00+00:00,0.000,0.000,3.627
2020-07-24T06:00:00+00:00,0.000,0.000,3.627
2020-07-24T12:00:00+00:00,0.000,0.998,3.740
2020-07-24T18:00:00+00:00,0.000,0.998,3.627
2020-07-25T00:00:00+00:00,0.000,0.000,3.513
2020-07-25T06:00:00+00:00,0.000,0.000,3.513
2020-07-25T12:00:00+00:00,0.000,1.172,3.627
2020-07-25T18:00:00+00:00,0.000,1.172,3.400
2020-07-26T00:00:00+00:00,0.000,0.000,3.570
2020-07-26T06:00:00+00:00,0.000,0.000,3.457
2020-07-26T12:00:00+00:00,0.000,1.210,3.513
2020-07-26T18:00:00+00:00,0.000,1.210,3.513
2020-07-27T00:00:00+00:00,0.260,0.000,3.627
2020-07-27T06:00:00+00:00,0.000,0.000,3.400
2020-07-27T12:00:00+00:00,0.000,1.156,3.570
2020-07-27T18:00:00+00:00,0.000,1.156,3.570
2020-07-28T00:00:00+00:00,0.000,0.000,3.570
2020-07-28T06:00:00+00:00,0.000,0.000,3.570
2020-07-28T12:00:00+00:00,0.000,1.195,3.740
2020-07-28T18:00:00+00:00,0.000,1.195,3.590
2020-07-29T00:00:00+00:00,0.000,0.000,3.663
2020-07-29T06:00:00+00:00,0.650,0.000,3.607
2020-07-29T12:00:00+00:00,0.000,1.165,3.835
2020-07-29T18:00:00+00:00,5.160,1.165,4.013
2020-07-30T00:00:00+00:00,0.770,0.000,3.873
2020-07-30T06:00:00+00:00,0.030,0.000,4.153
2020-07-30T12:00:00+00:00,0.000,1.255,4.295
2020-07-30T18:00:00+00:00,0.050,1.255,4.497
2020-07-31T00:00:00+00:00,0.000,0.000,4.563
2020-07-31T06:00:00+00:00,0.000,0.000,4.505
2020-07-31T12:00:00+00:00,0.000,1.196,4.373
2020-07-31T18:00:00+00:00,0.000,1.196,4.040
2020-08-01T00:00:00+00:00,0.000,0.000,3.973
2020-08-01T06:00:00+00:00,0.000,0.000,3.980
2020-08-01T12:00:00+00:00,0.000,1.022,3.850
2020-08-01T18:00:00+00:00,0.000,1.022,3.850
2020-08-02T00:00:00+00:00,0.000,0.000,3.783
2020-08-02T06:00:00+00:00,0.000,0.000,3.783
2020-08-02T12:00:00+00:00,0.000,1.111,3.917
2020-08-02T18:00:00+00:00,0.000,1.111,3.383
2020-08-03T00:00:00+00:00,0.000,0.000,3.657
2020-08-03T06:00:00+00:00,0.000,0.000,3.927
2020-08-03T12:00:00+00:00,0.000,1.082,3.593
2020-08-03T18:00:00+00:00,0.000,1.082,3.260
2020-08-04T00:00:00+00:00,0.000,0.000,3.460
2020-08-04T06:00:00+00:00,0.000,0.000,3.460
2020-08-04T12:00:00+00:00,0.000,1.188,3.927
2020-08-04T18:00:00+00:00,0.000,1.188,3.127
2020-08-05T00:00:00+00:00,0.000,0.000,3.327
2020-08-05T06:00:00+00:00,0.000,0.000,3.193
2020-08-05T12:00:00+00:00,0.000,1.314,3.527
2020-08-05T18:00:00+00:00,0.000,1.314,3.193
2020-08-06T00:00:00+00:00,0.000,0.000,3.193
2020-08-06T06:00:00+00:00,0.000,0.000,3.193
2020-08-06T12:00:00+00:00,0.000,1.235,3.327
2020-08-06T18:00:00+00:00,0.000,1.235,3.260
2020-08-07T00:00:00+00:00,0.000,0.000,3.260
2020-08-07T06:00:00+00:00,0.000,0.000,2.993
2020-08-07T12:00:00+00:00,0.000,1.318,3.393
2020-08-07T18:00:00+00:00,0.000,1.318,3.127
2020-08-08T00:00:00+00:00,0.000,0.000,3.193
2020-08-08T06:00:00+00:00,0.000,0.000,3.127
2020-08-08T12:00:00+00:00,0.000,1.250,3.327
2020-08-08T18:00:00+00:00,0.000,1.250,3.193
2020-08-09T00:00:00+00:00,0.000,0.000,3.127
2020-08-09T06:00:00+00:00,0.000,0.000,2.927
2020-08-09T12:00:00+00:00,0.000,1.262,3.193
2020-08-09T18:00:00+00:00,0.000,1.262,3.193
2020-08-10T00:00:00+00:00,0.000,0.000,3.127
2020-08-10T06:00:00+00:00,0.000,0.000,3.127
2020-08-10T12:00:00+00:00,0.000,1.372,3.127
2020-08-10T18:00:00+00:00,0.000,1.372,3.193
2020-08-11T00:00:00+00:00,0.000,0.000,3.193
2020-08-11T06:00:00+00:00,0.000,0.000,3.127
2020-08-11T12:00:00+00:00,0.000,1.478,3.393
2020-08-11T18:00:00+00:00,0.000,1.478,2.922
2020-08-12T00:00:00+00:00,0.000,0.000,2.985
2020-08-12T06:00:00+00:00,0.000,0.000,2.983
2020-08-12T12:00:00+00:00,0.000,1.525,3.183
2020-08-12T18:00:00+00:00,0.000,1.525,2.917
2020-08-13T00:00:00+00:00,0.000,0.000,2.983
2020-08-13T06:00:00+00:00,0.000,0.000,3.117
2020-08-13T12:00:00+00:00,6.720,1.201,4.252
2020-08-13T18:00:00+00:00,7.380,1.201,3.860
2020-08-14T00:00:00+00:00,0.000,0.000,4.660
2020-08-14T06:00:00+00:00,5.160,0.000,4.327
2020-08-14T12:00:00+00:00,0.080,1.464,4.602
2020-08-14T18:00:00+00:00,0.000,1.464,4.603
2020-08-15T00:00:00+00:00,0.000,0.000,4.470
2020-08-15T06:00:00+00:00,0.000,0.000,4.878
2020-08-15T12:00:00+00:00,8.950,1.170,4.480
2020-08-15T18:00:00+00:00,1.500,1.170,4.080
2020-08-16T00:00:00+00:00,0.000,0.000,5.553
2020-08-16T06:00:00+00:00,19.710,0.000,6.030
2020-08-16T12:00:00+00:00,3.830,1.325,6.638
2020-08-16T18:00:00+00:00,0.730,1.325,7.448
2020-08-17T00:00:00+00:00,2.120,0.000,8.463
2020-08-17T06:00:00+00:00,2.100,0.000,8.945
2020-08-17T12:00:00+00:00,9.470,1.288,10.230
2020-08-17T18:00:00+00:00,10.780,1.288,10.583
2020-08-18T00:00:00+00:00,1.320,0.000,11.682
2020-08-18T06:00:00+00:00,3.620,0.000,12.442
2020-08-18T12:00:00+00:00,4.220,1.379,12.838
2020-08-18T18:00:00+00:00,2.570,1.379,12.227
2020-08-19T00:00:00+00:00,14.440,0.000,12.612
2020-08-19T06:00:00+00:00,0.930,0.000,13.375
2020-08-19T12:00:00+00:00,17.880,1.239,18.965
2020-08-19T18:00:00+00:00,3.850,1.239,26.070
2020-08-20T00:00:00+00:00,0.070,0.000,26.112
2020-08-20T06:00:00+00:00,4.150,0.000,28.388
2020-08-20T12:00:00+00:00,8.230,1.175,27.950
2020-08-20T18:00:00+00:00,6.350,1.175,25.335
2020-08-21T00:00:00+00:00,4.290,0.000,22.698
2020-08-21T06:00:00+00:00,0.450,0.000,20.465
2020-08-21T12:00:00+00:00,0.000,1.342,20.117
2020-08-21T18:00:00+00:00,0.030,1.342,18.157
2020-08-22T00:00:00+00:00,0.100,0.000,15.358
2020-08-22T06:00:00+00:00,0.030,0.000,13.202
2020-08-22T12:00:00+00:00,0.000,1.429,11.393
2020-08-22T18:00:00+00:00,0.000,1.429,9.708
2020-08-23T00:00:00+00:00,0.000,0.000,8.775
2020-08-23T06:00:00+00:00,0.000,0.000,7.578
2020-08-23T12:00:00+00:00,0.000,1.549,7.117
2020-08-23T18:00:00+00:00,0.000,1.549,5.912
2020-08-24T00:00:00+00:00,0.000,0.000,6.255
2020-08-24T06:00:00+00:00,0.000,0.000,5.413
2020-08-24T12:00:00+00:00,0.000,1.587,5.457
2020-08-24T18:00:00+00:00,0.000,1.587,6.505
2020-08-25T00:00:00+00:00,0.110,0.000,6.592
2020-08-25T06:00:00+00:00,0.000,0.000,6.583
2020-08-25T12:00:00+00:00,0.000,1.716,7.023
2020-08-25T18:00:00+00:00,0.000,1.716,6.498
2020-08-26T00:00:00+00:00,0.000,0.000,5.825
2020-08-26T06:00:00+00:00,0.000,0.000,5.963
2020-08-26T12:00:00+00:00,0.000,1.594,5.955
2020-08-26T18:00:00+00:00,0.000,1.594,5.695
2020-08-27T00:00:00+00:00,0.000,0.000,5.563
2020-08-27T06:00:00+00:00,0.000,0.000,5.750
2020-08-27T12:00:00+00:00,0.000,1.485,5.540
2020-08-27T18:00:00+00:00,0.000,1.485,5.393
2020-08-28T00:00:00+00:00,0.000,0.000,5.177
2020-08-28T06:00:00+00:00,0.000,0.000,5.163
2020-08-28T12:00:00+00:00,0.000,1.647,5.178
2020-08-28T18:00:00+00:00,0.000,1.647,5.303
2020-08-29T00:00:00+00:00,0.000,0.000,5.028
2020-08-29T06:00:00+00:00,0.000,0.000,5.018
2020-08-29T12:00:00+00:00,0.000,1.656,5.077
2020-08-29T18:00:00+00:00,0.000,1.656,5.000
2020-08-30T00:00:00+00:00,0.000,0.000,4.657
2020-08-30T06:00:00+00:00,0.000,0.000,4.847
2020-08-30T12:00:00+00:00,0.000,1.645,4.902
2020-08-30T18:00:00+00:00,0.000,1.645,4.692
2020-08-31T00:00:00+00:00,0.000,0.000,4.480
2020-08-31T06:00:00+00:00,0.000,0.000,4.467
2020-08-31T12:00:00+00:00,0.000,1.775,4.588
2020-08-31T18:00:00+00:00,0.000,1.775,4.643
2020-09-01T00:00:00+00:00,0.000,0.000,4.230
2020-09-01T06:00:00+00:00,0.000,0.000,4.415
2020-09-01T12:00:00+00:00,0.000,1.833,5.293
2020-09-01T18:00:00+00:00,0.000,1.833,5.587
2020-09-02T00:00:00+00:00,0.000,0.000,4.287
2020-09-02T06:00:00+00:00,0.000,0.000,4.023
2020-09-02T12:00:00+00:00,0.000,1.695,4.208
2020-09-02T18:00:00+00:00,0.000,1.695,4.195
2020-09-03T00:00:00+00:00,0.000,0.000,3.913
2020-09-03T06:00:00+00:00,0.000,0.000,4.032
2020-09-03T12:00:00+00:00,0.000,1.430,4.285
2020-09-03T18:00:00+00:00,0.000,1.430,4.750
2020-09-04T00:00:00+00:00,0.000,0.000,4.683
2020-09-04T06:00:00+00:00,0.000,0.000,4.617
2020-09-04T12:00:00+00:00,0.000,1.588,4.750
2020-09-04T18:00:00+00:00,0.000,1.588,4.683
2020-09-05T00:00:00+00:00,0.000,0.000,4.483
2020-09-05T06:00:00+00:00,0.000,0.000,4.550
2020-09-05T12:00:00+00:00,0.000,1.854,4.685
2020-09-05T18:00:00+00:00,0.000,1.854,4.423
2020-09-06T00:00:00+00:00,0.000,0.000,4.350
2020-09-06T06:00:00+00:00,0.000,0.000,4.352
2020-09-06T12:00:00+00:00,0.000,1.695,4.352
2020-09-06T18:00:00+00:00,0.000,1.695,4.288
2020-09-07T00:00:00+00:00,0.000,0.000,4.283
2020-09-07T06:00:00+00:00,0.000,0.000,4.283
2020-09-07T12:00:00+00:00,0.000,1.717,4.417
2020-09-07T18:00:00+00:00,0.000,1.717,4.287
2020-09-08T00:00:00+00:00,0.000,0.000,4.217
2020-09-08T06:00:00+00:00,0.000,0.000,4.217
2020-09-08T12:00:00+00:00,0.000,1.697,4.350
2020-09-08T18:00:00+00:00,0.000,1.697,4.283
2020-09-09T00:00:00+00:00,0.000,0.000,4.150
2020-09-09T06:00:00+00:00,0.000,0.000,3.950
2020-09-09T12:00:00+00:00,0.000,1.845,4.083
2020-09-09T18:00:00+00:00,0.000,1.845,4.283
2020-09-10T00:00:00+00:00,0.000,0.000,3.950
2020-09-10T06:00:00+00:00,0.000,0.000,4.017
2020-09-10T12:00:00+00:00,0.000,1.977,4.500
2020-09-10T18:00:00+00:00,0.000,1.977,5.473
2020-09-11T00:00:00+00:00,0.000,0.000,0.537
2020-09-11T06:00:00+00:00,0.000,0.000,3.653
2020-09-11T12:00:00+00:00,0.000,1.913,4.370
2020-09-11T18:00:00+00:00,0.000,1.913,4.237
2020-09-12T00:00:00+00:00,0.000,0.000,4.037
2020-09-12T06:00:00+00:00,0.000,0.000,4.033
2020-09-12T12:00:00+00:00,0.000,2.035,4.162
2020-09-12T18:00:00+00:00,0.000,2.035,3.893
2020-09-13T00:00:00+00:00,0.000,0.000,3.827
2020-09-13T06:00:00+00:00,0.000,0.000,3.827
2020-09-13T12:00:00+00:00,0.000,2.025,3.960
2020-09-13T18:00:00+00:00,0.000,2.025,3.688
2020-09-14T00:00:00+00:00,0.000,0.000,3.817
2020-09-14T06:00:00+00:00,0.000,0.000,3.683
2020-09-14T12:00:00+00:00,0.000,1.912,3.883
2020-09-14T18:00:00+00:00,0.000,1.912,3.750
2020-09-15T00:00:00+00:00,0.000,0.000,3.673
2020-09-15T06:00:00+00:00,0.000,0.000,3.807
2020-09-15T12:00:00+00:00,0.000,1.988,4.302
2020-09-15T18:00:00+00:00,0.000,1.988,4.537
2020-09-16T00:00:00+00:00,0.000,0.000,3.693
2020-09-16T06:00:00+00:00,0.000,0.000,3.425
2020-09-16T12:00:00+00:00,0.000,2.059,3.683
2020-09-16T18:00:00+00:00,0.000,2.059,3.483
2020-09-17T00:00:00+00:00,0.000,0.000,3.417
2020-09-17T06:00:00+00:00,0.000,0.000,3.340
2020-09-17T12:00:00+00:00,0.000,1.841,4.222
2020-09-17T18:00:00+00:00,0.000,1.841,4.137
2020-09-18T00:00:00+00:00,0.000,0.000,3.460
2020-09-18T06:00:00+00:00,0.000,0.000,3.483
2020-09-18T12:00:00+00:00,0.000,1.793,3.483
2020-09-18T18:00:00+00:00,0.000,1.793,3.610
2020-09-19T00:00:00+00:00,0.000,0.000,3.540
2020-09-19T06:00:00+00:00,0.000,0.000,3.673
2020-09-19T12:00:00+00:00,0.000,1.633,3.605
2020-09-19T18:00:00+00:00,0.000,1.633,3.598
2020-09-20T00:00:00+00:00,0.000,0.000,3.597
2020-09-20T06:00:00+00:00,0.000,0.000,3.530
2020-09-20T12:00:00+00:00,0.000,1.370,3.588
2020-09-20T18:00:00+00:00,0.000,1.370,3.520
2020-09-21T00:00:00+00:00,0.000,0.000,3.387
2020-09-21T06:00:00+00:00,0.000,0.000,3.380
2020-09-21T12:00:00+00:00,0.000,1.854,3.577
2020-09-21T18:00:00+00:00,2.810,1.854,3.643
2020-09-22T00:00:00+00:00,0.000,0.000,3.703
2020-09-22T06:00:00+00:00,0.000,0.000,3.793
2020-09-22T12:00:00+00:00,0.000,2.357,3.790
2020-09-22T18:00:00+00:00,0.000,2.357,3.903
2020-09-23T00:00:00+00:00,0.000,0.000,3.790
2020-09-23T06:00:00+00:00,0.000,0.000,3.790
2020-09-23T12:00:00+00:00,0.000,1.915,3.893
2020-09-23T18:00:00+00:00,0.000,1.915,3.870
2020-09-24T00:00:00+00:00,0.000,0.000,3.740
2020-09-24T06:00:00+00:00,0.000,0.000,3.683
2020-09-24T12:00:00+00:00,0.000,1.846,3.853
2020-09-24T18:00:00+00:00,0.000,1.846,3.853
2020-09-25T00:00:00+00:00,0.000,0.000,3.627
2020-09-25T06:00:00+00:00,0.000,0.000,3.683
2020-09-25T12:00:00+00:00,0.000,1.814,3.683
2020-09-25T18:00:00+00:00,0.000,1.814,3.748
2020-09-26T00:00:00+00:00,0.000,0.000,3.465
2020-09-26T06:00:00+00:00,0.000,0.000,3.570
2020-09-26T12:00:00+00:00,0.000,1.461,3.687
2020-09-26T18:00:00+00:00,0.000,1.461,3.405
2020-09-27T00:00:00+00:00,0.000,0.000,3.400
2020-09-27T06:00:00+00:00,0.000,0.000,3.343
2020-09-27T12:00:00+00:00,0.000,1.636,3.570
2020-09-27T18:00:00+00:00,3.090,1.636,3.797
2020-09-28T00:00:00+00:00,1.320,0.000,3.970
2020-09-28T06:00:00+00:00,3.680,0.000,3.637
2020-09-28T12:00:00+00:00,0.050,1.824,3.637
2020-09-28T18:00:00+00:00,0.260,1.824,3.750
2020-09-29T00:00:00+00:00,0.000,0.000,3.977
2020-09-29T06:00:00+00:00,0.000,0.000,4.203
2020-09-29T12:00:00+00:00,0.000,1.712,4.290
2020-09-29T18:00:00+00:00,0.000,1.712,4.117
2020-09-30T00:00:00+00:00,0.000,0.000,3.853
2020-09-30T06:00:00+00:00,0.000,0.000,3.723
2020-09-30T12:00:00+00:00,0.000,1.728,3.857
2020-09-30T18:00:00+00:00,0.000,1.728,3.523
2020-10-01T00:00:00+00:00,0.000,0.000,3.457
2020-10-01T06:00:00+00:00,0.000,0.000,3.390
2020-10-01T12:00:00+00:00,0.000,1.805,3.520
2020-10-01T18:00:00+00:00,0.000,1.805,3.317
2020-10-02T00:00:00+00:00,0.000,0.000,3.247
2020-10-02T06:00:00+00:00,0.000,0.000,3.133
2020-10-02T12:00:00+00:00,0.000,1.911,3.240
2020-10-02T18:00:00+00:00,0.000,1.911,3.070
2020-10-03T00:00:00+00:00,0.000,0.000,3.070
2020-10-03T06:00:00+00:00,0.000,0.000,3.127
2020-10-03T12:00:00+00:00,0.000,1.561,3.173
2020-10-03T18:00:00+00:00,0.000,1.561,3.173
2020-10-04T00:00:00+00:00,0.000,0.000,2.890
2020-10-04T06:00:00+00:00,0.000,0.000,3.003
2020-10-04T12:00:00+00:00,0.000,1.995,2.945
2020-10-04T18:00:00+00:00,0.000,1.995,2.993
2020-10-05T00:00:00+00:00,0.000,0.000,2.993
2020-10-05T06:00:00+00:00,0.000,0.000,2.937
2020-10-05T12:00:00+00:00,0.000,2.122,2.993
2020-10-05T18:00:00+00:00,0.000,2.122,2.930
2020-10-06T00:00:00+00:00,0.000,0.000,2.870
2020-10-06T06:00:00+00:00,0.000,0.000,2.870
2020-10-06T12:00:00+00:00,0.000,2.031,3.040
2020-10-06T18:00:00+00:00,0.000,2.031,2.947
2020-10-07T00:00:00+00:00,0.000,0.000,2.810
2020-10-07T06:00:00+00:00,0.000,0.000,2.753
2020-10-07T12:00:00+00:00,0.000,1.863,2.868
2020-10-07T18:00:00+00:00,0.000,1.863,4.463
2020-10-08T00:00:00+00:00,9.650,0.000,3.387
2020-10-08T06:00:00+00:00,22.150,0.000,3.840
2020-10-08T12:00:00+00:00,0.050,2.203,3.963
2020-10-08T18:00:00+00:00,0.050,2.203,3.850
2020-10-09T00:00:00+00:00,0.000,0.000,4.078
2020-10-09T06:00:00+00:00,1.380,0.000,4.313
2020-10-09T12:00:00+00:00,2.220,1.696,4.725
2020-10-09T18:00:00+00:00,3.920,1.696,4.583
2020-10-10T00:00:00+00:00,0.830,0.000,4.253
2020-10-10T06:00:00+00:00,0.000,0.000,4.193
2020-10-10T12:00:00+00:00,0.000,1.751,3.993
2020-10-10T18:00:00+00:00,0.000,1.751,4.260
2020-10-11T00:00:00+00:00,0.000,0.000,4.670
2020-10-11T06:00:00+00:00,0.000,0.000,4.403
2020-10-11T12:00:00+00:00,0.000,1.792,3.937
2020-10-11T18:00:00+00:00,0.000,1.792,3.813
2020-10-12T00:00:00+00:00,0.000,0.000,3.680
2020-10-12T06:00:00+00:00,0.000,0.000,3.480
2020-10-12T12:00:00+00:00,0.000,2.000,3.413
2020-10-12T18:00:00+00:00,0.000,2.000,3.613
2020-10-13T00:00:00+00:00,0.000,0.000,3.280
2020-10-13T06:00:00+00:00,0.000,0.000,3.348
2020-10-13T12:00:00+00:00,0.000,1.916,3.352
2020-10-13T18:00:00+00:00,0.000,1.916,3.357
2020-10-14T00:00:00+00:00,0.000,0.000,3.157
2020-10-14T06:00:00+00:00,0.000,0.000,3.290
2020-10-14T12:00:00+00:00,0.000,2.217,3.357
2020-10-14T18:00:00+00:00,0.000,2.217,3.692
2020-10-15T00:00:00+00:00,2.430,0.000,3.490
2020-10-15T06:00:00+00:00,9.080,0.000,4.097
2020-10-15T12:00:00+00:00,2.960,1.803,4.167
2020-10-15T18:00:00+00:00,0.200,1.803,4.700
2020-10-16T00:00:00+00:00,0.150,0.000,4.375
2020-10-16T06:00:00+00:00,0.000,0.000,4.310
2020-10-16T12:00:00+00:00,0.000,2.005,4.780
2020-10-16T18:00:00+00:00,0.050,2.005,4.853
2020-10-17T00:00:00+00:00,0.000,0.000,4.320
2020-10-17T06:00:00+00:00,0.000,0.000,4.193
2020-10-17T12:00:00+00:00,0.000,2.521,3.930
2020-10-17T18:00:00+00:00,0.000,2.521,3.797
2020-10-18T00:00:00+00:00,0.000,0.000,3.663
2020-10-18T06:00:00+00:00,0.000,0.000,3.597
2020-10-18T12:00:00+00:00,0.000,2.293,3.465
2020-10-18T18:00:00+00:00,0.000,2.293,3.403
2020-10-19T00:00:00+00:00,0.000,0.000,3.340
2020-10-19T06:00:00+00:00,0.000,0.000,3.340
2020-10-19T12:00:00+00:00,0.000,2.581,3.473
2020-10-19T18:00:00+00:00,0.000,2.581,3.140
2020-10-20T00:00:00+00:00,0.000,0.000,3.207
2020-10-20T06:00:00+00:00,0.000,0.000,3.207
2020-10-20T12:00:00+00:00,0.000,2.275,3.340
2020-10-20T18:00:00+00:00,3.640,2.275,3.140
2020-10-21T00:00:00+00:00,1.710,0.000,3.340
2020-10-21T06:00:00+00:00,17.550,0.000,5.817
2020-10-21T12:00:00+00:00,1.960,2.150,8.565
2020-10-21T18:00:00+00:00,0.000,2.150,8.047
2020-10-22T00:00:00+00:00,0.000,0.000,7.022
2020-10-22T06:00:00+00:00,0.000,0.000,6.832
2020-10-22T12:00:00+00:00,0.000,2.315,5.970
2020-10-22T18:00:00+00:00,0.000,2.315,5.045
2020-10-23T00:00:00+00:00,0.000,0.000,4.447
2020-10-23T06:00:00+00:00,0.000,0.000,4.113
2020-10-23T12:00:00+00:00,0.000,2.096,3.682
2020-10-23T18:00:00+00:00,0.050,2.096,3.808
2020-10-24T00:00:00+00:00,6.100,0.000,4.273
2020-10-24T06:00:00+00:00,0.250,0.000,4.540
2020-10-24T12:00:00+00:00,0.160,2.238,4.340
2020-10-24T18:00:00+00:00,0.000,2.238,3.873
2020-10-25T00:00:00+00:00,6.020,0.000,4.407
2020-10-25T06:00:00+00:00,0.080,0.000,4.340
2020-10-25T12:00:00+00:00,0.000,1.797,4.273
2020-10-25T18:00:00+00:00,0.000,1.797,4.070
2020-10-26T00:00:00+00:00,0.000,0.000,3.730
2020-10-26T06:00:00+00:00,0.000,0.000,3.597
2020-10-26T12:00:00+00:00,0.000,1.793,3.528
2020-10-26T18:00:00+00:00,0.000,1.793,3.388
2020-10-27T00:00:00+00:00,0.000,0.000,3.187
2020-10-27T06:00:00+00:00,0.000,0.000,3.378
2020-10-27T12:00:00+00:00,0.000,2.221,3.377
2020-10-27T18:00:00+00:00,0.000,2.221,3.103
2020-10-28T00:00:00+00:00,0.000,0.000,2.967
2020-10-28T06:00:00+00:00,0.000,0.000,3.027
2020-10-28T12:00:00+00:00,0.000,2.305,3.090
2020-10-28T18:00:00+00:00,0.000,2.305,2.950
2020-10-29T00:00:00+00:00,0.000,0.000,2.745
2020-10-29T06:00:00+00:00,0.000,0.000,2.803
2020-10-29T12:00:00+00:00,0.000,2.527,2.732
2020-10-29T18:00:00+00:00,0.310,2.527,2.927
2020-10-30T00:00:00+00:00,1.050,0.000,2.918
2020-10-30T06:00:00+00:00,0.290,0.000,2.715
2020-10-30T12:00:00+00:00,0.000,2.146,2.773
2020-10-30T18:00:00+00:00,0.000,2.146,2.903
2020-10-31T00:00:00+00:00,0.000,0.000,2.963
2020-10-31T06:00:00+00:00,0.000,0.000,3.025
2020-10-31T12:00:00+00:00,0.000,2.282,2.887
2020-10-31T18:00:00+00:00,0.000,2.282,2.947
2020-11-01T00:00:00+00:00,0.000,0.000,2.808
2020-11-01T06:00:00+00:00,0.000,0.000,2.867
2020-11-01T12:00:00+00:00,0.000,1.963,2.797
2020-11-01T18:00:00+00:00,0.000,1.963,2.790
2020-11-02T00:00:00+00:00,0.000,0.000,2.715
2020-11-02T06:00:00+00:00,0.000,0.000,2.643
2020-11-02T12:00:00+00:00,0.000,2.486,2.703
2020-11-02T18:00:00+00:00,0.000,2.486,2.497
2020-11-03T00:00:00+00:00,0.000,0.000,2.557
2020-11-03T06:00:00+00:00,0.000,0.000,2.550
2020-11-03T12:00:00+00:00,0.000,2.292,2.473
2020-11-03T18:00:00+00:00,0.000,2.292,2.537
2020-11-04T00:00:00+00:00,0.000,0.000,2.397
2020-11-04T06:00:00+00:00,0.000,0.000,2.320
2020-11-04T12:00:00+00:00,0.000,2.138,2.378
2020-11-04T18:00:00+00:00,0.000,2.138,2.330
2020-11-05T00:00:00+00:00,0.000,0.000,2.727
2020-11-05T06:00:00+00:00,0.000,0.000,2.783
2020-11-05T12:00:00+00:00,0.000,1.950,2.613
2020-11-05T18:00:00+00:00,0.000,1.950,2.670
2020-11-06T00:00:00+00:00,0.000,0.000,2.670
2020-11-06T06:00:00+00:00,0.000,0.000,2.500
2020-11-06T12:00:00+00:00,0.000,1.986,2.670
2020-11-06T18:00:00+00:00,0.000,1.986,2.613
2020-11-07T00:00:00+00:00,0.000,0.000,2.670
2020-11-07T06:00:00+00:00,0.000,0.000,2.557
2020-11-07T12:00:00+00:00,0.000,2.136,2.727
2020-11-07T18:00:00+00:00,0.000,2.136,2.727
2020-11-08T00:00:00+00:00,0.000,0.000,2.613
2020-11-08T06:00:00+00:00,0.000,0.000,2.557
2020-11-08T12:00:00+00:00,0.000,1.978,2.613
2020-11-08T18:00:00+00:00,0.000,1.978,2.553
2020-11-09T00:00:00+00:00,0.000,0.000,2.433
2020-11-09T06:00:00+00:00,0.000,0.000,2.603
2020-11-09T12:00:00+00:00,0.000,2.406,2.547
2020-11-09T18:00:00+00:00,1.070,2.406,3.034
2020-11-10T00:00:00+00:00,0.140,0.000,2.660
2020-11-10T06:00:00+00:00,0.000,0.000,2.547
2020-11-10T12:00:00+00:00,0.000,1.861,2.603
2020-11-10T18:00:00+00:00,0.000,1.861,2.603
2020-11-11T00:00:00+00:00,0.390,0.000,2.830
2020-11-11T06:00:00+00:00,0.000,0.000,3.340
2020-11-11T12:00:00+00:00,0.000,2.377,3.567
2020-11-11T18:00:00+00:00,0.160,2.377,3.453
2020-11-12T00:00:00+00:00,0.000,0.000,3.398
2020-11-12T06:00:00+00:00,0.000,0.000,3.463
2020-11-12T12:00:00+00:00,0.000,2.574,3.463
2020-11-12T18:00:00+00:00,0.000,2.574,3.237
2020-11-13T00:00:00+00:00,0.230,0.000,3.350
2020-11-13T06:00:00+00:00,0.290,0.000,3.180
2020-11-13T12:00:00+00:00,0.000,2.244,3.293
2020-11-13T18:00:00+00:00,0.000,2.244,3.035
2020-11-14T00:00:00+00:00,0.000,0.000,3.050
2020-11-14T06:00:00+00:00,0.000,0.000,3.050
2020-11-14T12:00:00+00:00,0.000,2.219,2.983
2020-11-14T18:00:00+00:00,0.000,2.219,2.983
2020-11-15T00:00:00+00:00,0.000,0.000,2.983
2020-11-15T06:00:00+00:00,0.000,0.000,2.917
2020-11-15T12:00:00+00:00,0.000,2.177,2.917
2020-11-15T18:00:00+00:00,4.360,2.177,6.788
2020-11-16T00:00:00+00:00,24.970,0.000,5.998
2020-11-16T06:00:00+00:00,0.050,0.000,5.403
2020-11-16T12:00:00+00:00,0.000,2.172,4.475
2020-11-16T18:00:00+00:00,0.000,2.172,3.613
2020-11-17T00:00:00+00:00,0.000,0.000,3.480
2020-11-17T06:00:00+00:00,0.000,0.000,3.413
2020-11-17T12:00:00+00:00,0.000,2.508,3.480
2020-11-17T18:00:00+00:00,0.000,2.508,3.147
2020-11-18T00:00:00+00:00,0.000,0.000,3.080
2020-11-18T06:00:00+00:00,5.060,0.000,3.347
2020-11-18T12:00:00+00:00,4.450,2.324,5.023
2020-11-18T18:00:00+00:00,26.650,2.324,6.498
2020-11-19T00:00:00+00:00,13.180,0.000,8.780
2020-11-19T06:00:00+00:00,0.050,0.000,8.458
2020-11-19T12:00:00+00:00,0.000,2.438,8.270
2020-11-19T18:00:00+00:00,0.000,2.438,8.015
2020-11-20T00:00:00+00:00,0.000,0.000,7.293
2020-11-20T06:00:00+00:00,0.000,0.000,6.368
2020-11-20T12:00:00+00:00,0.000,1.889,5.573
2020-11-20T18:00:00+00:00,0.000,1.889,4.847
2020-11-21T00:00:00+00:00,0.000,0.000,4.447
2020-11-21T06:00:00+00:00,0.000,0.000,4.183
2020-11-21T12:00:00+00:00,0.000,2.465,3.990
2020-11-21T18:00:00+00:00,0.000,2.465,3.857
2020-11-22T00:00:00+00:00,0.000,0.000,3.523
2020-11-22T06:00:00+00:00,0.000,0.000,3.457
2020-11-22T12:00:00+00:00,0.000,1.900,3.457
2020-11-22T18:00:00+00:00,0.000,1.900,3.457
2020-11-23T00:00:00+00:00,0.110,0.000,3.190
2020-11-23T06:00:00+00:00,0.000,0.000,3.258
2020-11-23T12:00:00+00:00,0.000,1.680,3.195
2020-11-23T18:00:00+00:00,0.000,1.680,3.200
2020-11-24T00:00:00+00:00,0.000,0.000,3.133
2020-11-24T06:00:00+00:00,0.000,0.000,3.067
2020-11-24T12:00:00+00:00,0.000,1.966,3.067
2020-11-24T18:00:00+00:00,0.000,1.966,3.200
2020-11-25T00:00:00+00:00,0.000,0.000,2.865
2020-11-25T06:00:00+00:00,0.000,0.000,3.000
2020-11-25T12:00:00+00:00,0.000,1.949,2.800
2020-11-25T18:00:00+00:00,0.000,1.949,2.662
2020-11-26T00:00:00+00:00,0.000,0.000,2.997
2020-11-26T06:00:00+00:00,0.000,0.000,2.857
2020-11-26T12:00:00+00:00,0.000,2.354,2.792
2020-11-26T18:00:00+00:00,0.000,2.354,2.510
2020-11-27T00:00:00+00:00,1.640,0.000,2.723
2020-11-27T06:00:00+00:00,0.000,0.000,2.790
2020-11-27T12:00:00+00:00,0.000,2.147,2.723
2020-11-27T18:00:00+00:00,0.000,2.147,2.523
2020-11-28T00:00:00+00:00,6.400,0.000,4.725
2020-11-28T06:00:00+00:00,3.550,0.000,3.057
2020-11-28T12:00:00+00:00,0.030,2.485,3.123
2020-11-28T18:00:00+00:00,0.000,2.485,2.990
2020-11-29T00:00:00+00:00,0.000,0.000,2.857
2020-11-29T06:00:00+00:00,0.000,0.000,2.923
2020-11-29T12:00:00+00:00,0.000,2.389,3.123
2020-11-29T18:00:00+00:00,0.000,2.389,3.057
2020-11-30T00:00:00+00:00,4.170,0.000,3.258
2020-11-30T06:00:00+00:00,3.640,0.000,3.260
2020-11-30T12:00:00+00:00,0.000,2.160,3.667
2020-11-30T18:00:00+00:00,1.930,2.160,3.667
2020-12-01T00:00:00+00:00,0.000,0.000,4.133
2020-12-01T06:00:00+00:00,0.000,0.000,4.805
2020-12-01T12:00:00+00:00,0.300,2.201,5.287
2020-12-01T18:00:00+00:00,0.110,2.201,4.787
2020-12-02T00:00:00+00:00,0.000,0.000,4.127
2020-12-02T06:00:00+00:00,0.000,0.000,3.755
2020-12-02T12:00:00+00:00,0.000,2.384,3.760
2020-12-02T18:00:00+00:00,0.000,2.384,3.242
2020-12-03T00:00:00+00:00,0.000,0.000,3.242
2020-12-03T06:00:00+00:00,0.000,0.000,3.240
2020-12-03T12:00:00+00:00,0.730,2.090,3.465
2020-12-03T18:00:00+00:00,6.310,2.090,3.837
2020-12-04T00:00:00+00:00,0.200,0.000,3.615
2020-12-04T06:00:00+00:00,0.110,0.000,3.765
2020-12-04T12:00:00+00:00,0.000,2.528,3.915
2020-12-04T18:00:00+00:00,0.680,2.528,3.718
2020-12-05T00:00:00+00:00,0.110,0.000,3.980
2020-12-05T06:00:00+00:00,6.680,0.000,4.130
2020-12-05T12:00:00+00:00,0.000,2.269,3.907
2020-12-05T18:00:00+00:00,0.000,2.269,4.055
2020-12-06T00:00:00+00:00,28.040,0.000,7.242
2020-12-06T06:00:00+00:00,1.580,0.000,4.878
2020-12-06T12:00:00+00:00,0.110,2.266,5.400
2020-12-06T18:00:00+00:00,0.000,2.266,4.660
2020-12-07T00:00:00+00:00,0.000,0.000,4.367
2020-12-07T06:00:00+00:00,0.000,0.000,4.588
2020-12-07T12:00:00+00:00,1.020,2.032,4.587
2020-12-07T18:00:00+00:00,0.120,2.032,4.148
2020-12-08T00:00:00+00:00,0.580,0.000,3.927
2020-12-08T06:00:00+00:00,0.000,0.000,3.777
2020-12-08T12:00:00+00:00,0.000,2.651,3.623
2020-12-08T18:00:00+00:00,0.210,2.651,3.772
2020-12-09T00:00:00+00:00,0.000,0.000,3.330
2020-12-09T06:00:00+00:00,0.000,0.000,3.395
2020-12-09T12:00:00+00:00,0.000,2.125,3.618
2020-12-09T18:00:00+00:00,0.000,2.125,3.730
2020-12-10T00:00:00+00:00,0.000,0.000,2.932
2020-12-10T06:00:00+00:00,0.000,0.000,2.962
2020-12-10T12:00:00+00:00,0.000,2.208,2.955
2020-12-10T18:00:00+00:00,0.000,2.208,2.952
2020-12-11T00:00:00+00:00,0.000,0.000,3.320
2020-12-11T06:00:00+00:00,0.000,0.000,3.318
2020-12-11T12:00:00+00:00,0.000,2.269,2.943
2020-12-11T18:00:00+00:00,0.000,2.269,2.790
2020-12-12T00:00:00+00:00,0.000,0.000,2.713
2020-12-12T06:00:00+00:00,0.000,0.000,2.632
2020-12-12T12:00:00+00:00,0.000,2.253,2.632
2020-12-12T18:00:00+00:00,0.000,2.253,2.475
2020-12-13T00:00:00+00:00,0.000,0.000,2.545
2020-12-13T06:00:00+00:00,0.000,0.000,2.955
2020-12-13T12:00:00+00:00,0.880,2.584,3.363
2020-12-13T18:00:00+00:00,5.490,2.584,4.242
2020-12-14T00:00:00+00:00,0.470,0.000,3.493
2020-12-14T06:00:00+00:00,10.630,0.000,7.435
2020-12-14T12:00:00+00:00,14.030,1.919,8.740
2020-12-14T18:00:00+00:00,0.030,1.919,10.408
2020-12-15T00:00:00+00:00,0.000,0.000,9.537
2020-12-15T06:00:00+00:00,0.000,0.000,9.035
2020-12-15T12:00:00+00:00,0.000,2.190,8.013
2020-12-15T18:00:00+00:00,0.000,2.190,6.543
2020-12-16T00:00:00+00:00,0.000,0.000,5.587
2020-12-16T06:00:00+00:00,0.000,0.000,4.850
2020-12-16T12:00:00+00:00,0.000,2.114,4.553
2020-12-16T18:00:00+00:00,0.000,2.114,5.148
2020-12-17T00:00:00+00:00,7.080,0.000,4.410
2020-12-17T06:00:00+00:00,1.660,0.000,4.635
2020-12-17T12:00:00+00:00,0.050,2.167,5.153
2020-12-17T18:00:00+00:00,2.500,2.167,5.008
2020-12-18T00:00:00+00:00,1.130,0.000,4.862
2020-12-18T06:00:00+00:00,0.050,0.000,4.940
2020-12-18T12:00:00+00:00,0.030,2.618,5.238
2020-12-18T18:00:00+00:00,0.000,2.618,4.575
2020-12-19T00:00:00+00:00,0.050,0.000,4.645
2020-12-19T06:00:00+00:00,0.000,0.000,4.495
2020-12-19T12:00:00+00:00,0.000,2.418,4.415
2020-12-19T18:00:00+00:00,13.040,2.418,5.080
2020-12-20T00:00:00+00:00,6.030,0.000,5.300
2020-12-20T06:00:00+00:00,0.050,0.000,6.262
2020-12-20T12:00:00+00:00,0.000,2.149,7.008
2020-12-20T18:00:00+00:00,0.000,2.149,7.532
2020-12-21T00:00:00+00:00,4.150,0.000,7.393
2020-12-21T06:00:00+00:00,0.000,0.000,7.248
2020-12-21T12:00:00+00:00,0.110,2.121,7.405
2020-12-21T18:00:00+00:00,0.000,2.121,6.582
2020-12-22T00:00:00+00:00,0.000,0.000,6.232
2020-12-22T06:00:00+00:00,0.000,0.000,5.340
2020-12-22T12:00:00+00:00,0.000,1.914,4.815
2020-12-22T18:00:00+00:00,0.000,1.914,4.363
2020-12-23T00:00:00+00:00,0.000,0.000,3.907
2020-12-23T06:00:00+00:00,0.000,0.000,3.597
2020-12-23T12:00:00+00:00,0.000,1.802,3.507
2020-12-23T18:00:00+00:00,0.000,1.802,3.197
2020-12-24T00:00:00+00:00,0.000,0.000,3.030
2020-12-24T06:00:00+00:00,0.000,0.000,2.863
2020-12-24T12:00:00+00:00,0.000,2.156,3.180
2020-12-24T18:00:00+00:00,0.000,2.156,2.113
2020-12-25T00:00:00+00:00,0.000,0.000,3.510
2020-12-25T06:00:00+00:00,0.000,0.000,3.355
2020-12-25T12:00:00+00:00,0.000,2.069,3.048
2020-12-25T18:00:00+00:00,0.000,2.069,2.892
2020-12-26T00:00:00+00:00,0.000,0.000,2.767
2020-12-26T06:00:00+00:00,0.000,0.000,2.977
2020-12-26T12:00:00+00:00,0.000,2.070,2.900
2020-12-26T18:00:00+00:00,0.000,2.070,2.622
2020-12-27T00:00:00+00:00,0.000,0.000,2.678
2020-12-27T06:00:00+00:00,0.000,0.000,2.733
2020-12-27T12:00:00+00:00,0.000,2.132,2.723
2020-12-27T18:00:00+00:00,0.000,2.132,2.713
2020-12-28T00:00:00+00:00,0.000,0.000,2.502
2020-12-28T06:00:00+00:00,0.000,0.000,2.490
2020-12-28T12:00:00+00:00,0.140,2.078,2.613
2020-12-28T18:00:00+00:00,0.230,2.078,2.668
2020-12-29T00:00:00+00:00,0.000,0.000,2.725
2020-12-29T06:00:00+00:00,1.750,0.000,2.647
2020-12-29T12:00:00+00:00,10.430,2.181,6.245
2020-12-29T18:00:00+00:00,20.530,2.181,6.387
2020-12-30T00:00:00+00:00,0.000,0.000,5.723
2020-12-30T06:00:00+00:00,0.000,0.000,7.463
2020-12-30T12:00:00+00:00,0.000,2.059,11.355
2020-12-30T18:00:00+00:00,5.690,2.059,6.098
2020-12-31T00:00:00+00:00,3.270,0.000,4.362
2020-12-31T06:00:00+00:00,8.970,0.000,6.220
2020-12-31T12:00:00+00:00,0.050,2.273,8.873
2020-12-31T18:00:00+00:00,3.880,2.273,13.710
2021-01-01T00:00:00+00:00,1.370,0.000,10.463
2021-01-01T06:00:00+00:00,0.050,0.000,7.793
2021-01-01T12:00:00+00:00,0.000,1.850,6.717
2021-01-01T18:00:00+00:00,0.000,1.850,6.633
2021-01-02T00:00:00+00:00,0.710,0.000,9.162
2021-01-02T06:00:00+00:00,0.000,0.000,6.755
2021-01-02T12:00:00+00:00,0.000,2.149,5.065
2021-01-02T18:00:00+00:00,2.050,2.149,5.375
2021-01-03T00:00:00+00:00,1.510,0.000,5.818
2021-01-03T06:00:00+00:00,6.670,0.000,5.597
2021-01-03T12:00:00+00:00,1.040,2.285,5.908
2021-01-03T18:00:00+00:00,0.000,2.285,6.227
2021-01-04T00:00:00+00:00,0.550,0.000,5.737
2021-01-04T06:00:00+00:00,0.000,0.000,5.717
2021-01-04T12:00:00+00:00,0.000,2.311,4.558
2021-01-04T18:00:00+00:00,0.000,2.311,3.587
2021-01-05T00:00:00+00:00,0.000,0.000,2.970
2021-01-05T06:00:00+00:00,0.000,0.000,3.552
2021-01-05T12:00:00+00:00,0.110,2.375,3.453
2021-01-05T18:00:00+00:00,4.240,2.375,5.510
2021-01-06T00:00:00+00:00,0.000,0.000,5.908
2021-01-06T06:00:00+00:00,2.630,0.000,6.202
2021-01-06T12:00:00+00:00,0.000,2.016,5.530
2021-01-06T18:00:00+00:00,0.050,2.016,6.610
2021-01-07T00:00:00+00:00,0.000,0.000,7.295
2021-01-07T06:00:00+00:00,0.000,0.000,7.483
2021-01-07T12:00:00+00:00,0.000,2.239,6.927
2021-01-07T18:00:00+00:00,0.430,2.239,5.967
2021-01-08T00:00:00+00:00,2.150,0.000,5.702
2021-01-08T06:00:00+00:00,0.110,0.000,5.318
2021-01-08T12:00:00+00:00,0.050,2.225,5.155
2021-01-08T18:00:00+00:00,0.000,2.225,5.032
2021-01-09T00:00:00+00:00,0.000,0.000,4.688
2021-01-09T06:00:00+00:00,0.000,0.000,4.697
2021-01-09T12:00:00+00:00,0.000,1.892,4.613
2021-01-09T18:00:00+00:00,0.340,1.892,4.707
2021-01-10T00:00:00+00:00,0.770,0.000,4.500
2021-01-10T06:00:00+00:00,0.000,0.000,4.447
2021-01-10T12:00:00+00:00,0.000,1.857,4.390
2021-01-10T18:00:00+00:00,1.420,1.857,4.795
2021-01-11T00:00:00+00:00,0.000,0.000,5.877
2021-01-11T06:00:00+00:00,0.000,0.000,6.342
2021-01-11T12:00:00+00:00,0.000,2.444,3.725
2021-01-11T18:00:00+00:00,0.000,2.444,1.647
2021-01-12T00:00:00+00:00,0.000,0.000,3.348
2021-01-12T06:00:00+00:00,0.000,0.000,3.100
2021-01-12T12:00:00+00:00,0.000,2.055,2.817
2021-01-12T18:00:00+00:00,2.840,2.055,3.130
2021-01-13T00:00:00+00:00,0.570,0.000,4.130
2021-01-13T06:00:00+00:00,0.000,0.000,4.567
2021-01-13T12:00:00+00:00,0.000,1.688,2.822
2021-01-13T18:00:00+00:00,0.000,1.688,3.128
2021-01-14T00:00:00+00:00,0.580,0.000,4.715
2021-01-14T06:00:00+00:00,0.000,0.000,4.067
2021-01-14T12:00:00+00:00,0.000,2.686,4.730
2021-01-14T18:00:00+00:00,0.000,2.686,3.420
2021-01-15T00:00:00+00:00,12.170,0.000,5.623
2021-01-15T06:00:00+00:00,0.950,0.000,4.317
2021-01-15T12:00:00+00:00,0.110,2.264,5.200
2021-01-15T18:00:00+00:00,0.360,2.264,5.255
2021-01-16T00:00:00+00:00,0.000,0.000,4.563
2021-01-16T06:00:00+00:00,0.000,0.000,4.303
2021-01-16T12:00:00+00:00,2.340,2.373,4.270
2021-01-16T18:00:00+00:00,0.710,2.373,4.405
2021-01-17T00:00:00+00:00,0.780,0.000,4.455
2021-01-17T06:00:00+00:00,4.300,0.000,5.947
2021-01-17T12:00:00+00:00,13.250,2.105,5.877
2021-01-17T18:00:00+00:00,4.840,2.105,7.333
2021-01-18T00:00:00+00:00,15.450,0.000,12.257
2021-01-18T06:00:00+00:00,0.160,0.000,17.703
2021-01-18T12:00:00+00:00,13.960,2.377,24.962
2021-01-18T18:00:00+00:00,9.810,2.377,27.825
2021-01-19T00:00:00+00:00,0.650,0.000,26.395
2021-01-19T06:00:00+00:00,0.110,0.000,25.798
2021-01-19T12:00:00+00:00,0.810,2.304,26.658
2021-01-19T18:00:00+00:00,0.100,2.304,24.528
2021-01-20T00:00:00+00:00,20.280,0.000,21.705
2021-01-20T06:00:00+00:00,21.640,0.000,25.757
2021-01-20T12:00:00+00:00,0.050,2.675,30.503
2021-01-20T18:00:00+00:00,2.760,2.675,23.842
2021-01-21T00:00:00+00:00,0.000,0.000,23.633
2021-01-21T06:00:00+00:00,0.000,0.000,21.372
2021-01-21T12:00:00+00:00,0.000,3.033,17.190
2021-01-21T18:00:00+00:00,0.000,3.033,15.033
2021-01-22T00:00:00+00:00,3.640,0.000,12.223
2021-01-22T06:00:00+00:00,3.160,0.000,13.435
2021-01-22T12:00:00+00:00,0.110,2.450,12.400
2021-01-22T18:00:00+00:00,0.030,2.450,18.205
2021-01-23T00:00:00+00:00,0.000,0.000,18.718
2021-01-23T06:00:00+00:00,0.000,0.000,15.873
2021-01-23T12:00:00+00:00,0.000,2.590,13.590
2021-01-23T18:00:00+00:00,0.000,2.590,11.412
2021-01-24T00:00:00+00:00,0.000,0.000,10.143
2021-01-24T06:00:00+00:00,3.850,0.000,9.397
2021-01-24T12:00:00+00:00,0.080,2.716,8.843
2021-01-24T18:00:00+00:00,0.050,2.716,8.362
2021-01-25T00:00:00+00:00,0.000,0.000,8.610
2021-01-25T06:00:00+00:00,0.000,0.000,8.162
2021-01-25T12:00:00+00:00,0.000,2.008,7.708
2021-01-25T18:00:00+00:00,0.000,2.008,7.303
2021-01-26T00:00:00+00:00,7.470,0.000,7.180
2021-01-26T06:00:00+00:00,0.430,0.000,7.167
2021-01-26T12:00:00+00:00,0.050,2.417,7.838
2021-01-26T18:00:00+00:00,0.000,2.417,11.558
2021-01-27T00:00:00+00:00,0.000,0.000,11.685
2021-01-27T06:00:00+00:00,0.000,0.000,10.647
2021-01-27T12:00:00+00:00,0.000,2.173,9.783
2021-01-27T18:00:00+00:00,0.630,2.173,8.713
2021-01-28T00:00:00+00:00,0.000,0.000,8.017
2021-01-28T06:00:00+00:00,0.050,0.000,7.483
2021-01-28T12:00:00+00:00,0.450,2.888,8.077
2021-01-28T18:00:00+00:00,3.690,2.888,10.262
2021-01-29T00:00:00+00:00,10.020,0.000,11.607
2021-01-29T06:00:00+00:00,1.830,0.000,10.758
2021-01-29T12:00:00+00:00,0.160,2.490,10.510
2021-01-29T18:00:00+00:00,2.280,2.490,9.862
2021-01-30T00:00:00+00:00,0.110,0.000,9.335
2021-01-30T06:00:00+00:00,0.000,0.000,9.063
2021-01-30T12:00:00+00:00,0.940,2.015,9.227
2021-01-30T18:00:00+00:00,1.760,2.015,9.527
2021-01-31T00:00:00+00:00,0.540,0.000,9.437
2021-01-31T06:00:00+00:00,2.730,0.000,9.342
2021-01-31T12:00:00+00:00,0.050,2.514,13.645
2021-01-31T18:00:00+00:00,1.890,2.514,15.737
2021-02-01T00:00:00+00:00,10.340,0.000,15.792
2021-02-01T06:00:00+00:00,0.160,0.000,18.967
2021-02-01T12:00:00+00:00,0.050,2.325,23.355
2021-02-01T18:00:00+00:00,0.460,2.325,22.038
2021-02-02T00:00:00+00:00,0.620,0.000,19.333
2021-02-02T06:00:00+00:00,0.000,0.000,18.747
2021-02-02T12:00:00+00:00,0.000,2.301,19.070
2021-02-02T18:00:00+00:00,0.000,2.301,19.538
2021-02-03T00:00:00+00:00,0.000,0.000,20.757
2021-02-03T06:00:00+00:00,0.000,0.000,15.353
2021-02-03T12:00:00+00:00,0.000,2.383,15.193
2021-02-03T18:00:00+00:00,0.050,2.383,9.172
2021-02-04T00:00:00+00:00,2.500,0.000,7.093
2021-02-04T06:00:00+00:00,0.000,0.000,7.925
2021-02-04T12:00:00+00:00,0.000,2.119,6.860
2021-02-04T18:00:00+00:00,0.160,2.119,5.202
2021-02-05T00:00:00+00:00,0.000,0.000,3.855
2021-02-05T06:00:00+00:00,0.000,0.000,6.228
2021-02-05T12:00:00+00:00,0.000,2.335,7.792
2021-02-05T18:00:00+00:00,0.000,2.335,9.873
2021-02-06T00:00:00+00:00,0.000,0.000,9.475
2021-02-06T06:00:00+00:00,0.000,0.000,9.290
2021-02-06T12:00:00+00:00,0.000,2.844,9.062
2021-02-06T18:00:00+00:00,0.000,2.844,8.563
2021-02-07T00:00:00+00:00,0.000,0.000,8.145
2021-02-07T06:00:00+00:00,0.000,0.000,8.207
2021-02-07T12:00:00+00:00,0.000,2.431,8.045
2021-02-07T18:00:00+00:00,0.000,2.431,7.708
2021-02-08T00:00:00+00:00,0.000,0.000,7.452
2021-02-08T06:00:00+00:00,0.000,0.000,7.415
2021-02-08T12:00:00+00:00,0.000,2.414,7.552
2021-02-08T18:00:00+00:00,0.000,2.414,7.445
2021-02-09T00:00:00+00:00,0.000,0.000,7.842
2021-02-09T06:00:00+00:00,0.000,0.000,7.895
2021-02-09T12:00:00+00:00,0.000,2.125,7.778
2021-02-09T18:00:00+00:00,0.000,2.125,7.483
2021-02-10T00:00:00+00:00,0.000,0.000,7.362
2021-02-10T06:00:00+00:00,0.000,0.000,7.190
2021-02-10T12:00:00+00:00,0.000,1.699,7.370
2021-02-10T18:00:00+00:00,0.100,1.699,7.072
2021-02-11T00:00:00+00:00,0.000,0.000,6.900
2021-02-11T06:00:00+00:00,1.410,0.000,7.162
2021-02-11T12:00:00+00:00,0.680,2.122,7.957
2021-02-11T18:00:00+00:00,4.930,2.122,6.578
2021-02-12T00:00:00+00:00,0.000,0.000,7.188
2021-02-12T06:00:00+00:00,0.000,0.000,7.175
2021-02-12T12:00:00+00:00,0.000,1.854,7.552
2021-02-12T18:00:00+00:00,0.000,1.854,7.543
2021-02-13T00:00:00+00:00,0.000,0.000,7.407
2021-02-13T06:00:00+00:00,0.000,0.000,7.320
2021-02-13T12:00:00+00:00,0.000,1.673,7.407
2021-02-13T18:00:00+00:00,0.000,1.673,6.923
2021-02-14T00:00:00+00:00,0.000,0.000,7.222
2021-02-14T06:00:00+00:00,0.000,0.000,7.127
2021-02-14T12:00:00+00:00,0.000,1.935,7.697
2021-02-14T18:00:00+00:00,6.030,1.935,7.525
2021-02-15T00:00:00+00:00,4.280,0.000,8.405
2021-02-15T06:00:00+00:00,0.000,0.000,8.988
2021-02-15T12:00:00+00:00,0.030,1.818,9.020
2021-02-15T18:00:00+00:00,0.050,1.818,6.728
2021-02-16T00:00:00+00:00,0.000,0.000,12.732
2021-02-16T06:00:00+00:00,0.000,0.000,11.607
2021-02-16T12:00:00+00:00,0.000,1.911,6.378
2021-02-16T18:00:00+00:00,0.000,1.911,8.545
2021-02-17T00:00:00+00:00,0.000,0.000,8.338
2021-02-17T06:00:00+00:00,0.000,0.000,7.983
2021-02-17T12:00:00+00:00,0.000,1.794,8.300
2021-02-17T18:00:00+00:00,0.000,1.794,8.487
2021-02-18T00:00:00+00:00,0.000,0.000,9.173
2021-02-18T06:00:00+00:00,0.000,0.000,8.858
2021-02-18T12:00:00+00:00,0.000,2.100,8.542
2021-02-18T18:00:00+00:00,0.000,2.100,7.488
2021-02-19T00:00:00+00:00,0.000,0.000,6.235
2021-02-19T06:00:00+00:00,0.000,0.000,6.262
2021-02-19T12:00:00+00:00,0.000,1.795,6.325
2021-02-19T18:00:00+00:00,0.000,1.795,6.310
2021-02-20T00:00:00+00:00,0.000,0.000,6.085
2021-02-20T06:00:00+00:00,0.000,0.000,6.120
2021-02-20T12:00:00+00:00,0.000,2.403,6.290
2021-02-20T18:00:00+00:00,0.000,2.403,6.018
2021-02-21T00:00:00+00:00,0.000,0.000,5.835
2021-02-21T06:00:00+00:00,0.000,0.000,5.913
2021-02-21T12:00:00+00:00,0.000,2.229,6.080
2021-02-21T18:00:00+00:00,0.000,2.229,5.985
2021-02-22T00:00:00+00:00,0.000,0.000,5.755
2021-02-22T06:00:00+00:00,0.000,0.000,5.877
2021-02-22T12:00:00+00:00,0.000,2.061,6.087
2021-02-22T18:00:00+00:00,0.000,2.061,5.948
2021-02-23T00:00:00+00:00,0.000,0.000,5.718
2021-02-23T06:00:00+00:00,0.000,0.000,5.840
2021-02-23T12:00:00+00:00,0.000,1.877,6.050
2021-02-23T18:00:00+00:00,0.000,1.877,5.923
2021-02-24T00:00:00+00:00,0.000,0.000,5.690
2021-02-24T06:00:00+00:00,0.000,0.000,5.733
2021-02-24T12:00:00+00:00,0.000,1.839,5.912
2021-02-24T18:00:00+00:00,0.000,1.839,5.650
2021-02-25T00:00:00+00:00,2.200,0.000,5.603
2021-02-25T06:00:00+00:00,0.000,0.000,5.690
2021-02-25T12:00:00+00:00,0.000,1.930,6.000
2021-02-25T18:00:00+00:00,2.640,1.930,6.357
2021-02-26T00:00:00+00:00,0.050,0.000,6.492
2021-02-26T06:00:00+00:00,0.000,0.000,6.552
2021-02-26T12:00:00+00:00,0.000,1.825,6.655
2021-02-26T18:00:00+00:00,0.000,1.825,6.445
2021-02-27T00:00:00+00:00,0.000,0.000,6.067
2021-02-27T06:00:00+00:00,0.000,0.000,5.830
2021-02-27T12:00:00+00:00,0.000,1.851,5.850
2021-02-27T18:00:00+00:00,0.000,1.851,5.808
2021-02-28T00:00:00+00:00,0.000,0.000,5.602
2021-02-28T06:00:00+00:00,0.000,0.000,5.482
2021-02-28T12:00:00+00:00,0.000,1.863,5.588
2021-02-28T18:00:00+00:00,4.200,1.863,5.850
2021-03-01T00:00:00+00:00,0.000,0.000,5.938
2021-03-01T06:00:00+00:00,0.110,0.000,5.875
2021-03-01T12:00:00+00:00,0.000,2.255,6.118
2021-03-01T18:00:00+00:00,0.160,2.255,6.450
2021-03-02T00:00:00+00:00,1.410,0.000,6.567
2021-03-02T06:00:00+00:00,0.120,0.000,6.520
2021-03-02T12:00:00+00:00,0.030,1.943,6.505
2021-03-02T18:00:00+00:00,0.390,1.943,6.413
2021-03-03T00:00:00+00:00,45.250,0.000,7.535
2021-03-03T06:00:00+00:00,2.700,0.000,14.437
2021-03-03T12:00:00+00:00,0.100,1.908,17.448
2021-03-03T18:00:00+00:00,1.700,1.908,19.362
2021-03-04T00:00:00+00:00,3.300,0.000,23.543
2021-03-04T06:00:00+00:00,2.300,0.000,14.797
2021-03-04T12:00:00+00:00,0.800,2.386,9.848
2021-03-04T18:00:00+00:00,4.400,2.386,7.425
2021-03-05T00:00:00+00:00,0.000,0.000,6.128
2021-03-05T06:00:00+00:00,6.700,0.000,5.752
2021-03-05T12:00:00+00:00,3.200,1.925,6.677
2021-03-05T18:00:00+00:00,1.500,1.925,7.127
2021-03-06T00:00:00+00:00,2.400,0.000,7.382
2021-03-06T06:00:00+00:00,1.700,0.000,7.568
2021-03-06T12:00:00+00:00,0.000,2.179,8.167
2021-03-06T18:00:00+00:00,4.600,2.179,11.253
2021-03-07T00:00:00+00:00,1.700,0.000,11.990
2021-03-07T06:00:00+00:00,0.300,0.000,11.240
2021-03-07T12:00:00+00:00,0.000,1.791,12.360
2021-03-07T18:00:00+00:00,5.200,1.791,11.358
2021-03-08T00:00:00+00:00,0.200,0.000,12.630
2021-03-08T06:00:00+00:00,0.000,0.000,11.365
2021-03-08T12:00:00+00:00,0.000,2.266,9.973
2021-03-08T18:00:00+00:00,0.100,2.266,10.975
2021-03-09T00:00:00+00:00,0.100,0.000,12.177
2021-03-09T06:00:00+00:00,0.100,0.000,10.767
2021-03-09T12:00:00+00:00,0.000,2.098,9.690
2021-03-09T18:00:00+00:00,2.400,2.098,10.193
2021-03-10T00:00:00+00:00,1.200,0.000,11.657
2021-03-10T06:00:00+00:00,0.000,0.000,12.085
2021-03-10T12:00:00+00:00,0.000,1.895,10.865
2021-03-10T18:00:00+00:00,0.000,1.895,9.742
2021-03-11T00:00:00+00:00,0.000,0.000,8.838
2021-03-11T06:00:00+00:00,0.000,0.000,8.497
2021-03-11T12:00:00+00:00,0.000,2.239,8.148
2021-03-11T18:00:00+00:00,0.300,2.239,7.797
2021-03-12T00:00:00+00:00,0.000,0.000,6.997
2021-03-12T06:00:00+00:00,0.000,0.000,6.807
2021-03-12T12:00:00+00:00,0.000,2.173,6.662
2021-03-12T18:00:00+00:00,0.000,2.173,6.568
2021-03-13T00:00:00+00:00,0.000,0.000,6.008
2021-03-13T06:00:00+00:00,0.000,0.000,5.882
2021-03-13T12:00:00+00:00,0.000,2.228,5.782
2021-03-13T18:00:00+00:00,0.000,2.228,5.742
2021-03-14T00:00:00+00:00,0.000,0.000,5.258
2021-03-14T06:00:00+00:00,0.000,0.000,5.285
2021-03-14T12:00:00+00:00,0.000,1.826,6.047
2021-03-14T18:00:00+00:00,0.000,1.826,6.198
2021-03-15T00:00:00+00:00,0.200,0.000,5.855
2021-03-15T06:00:00+00:00,0.900,0.000,5.668
2021-03-15T12:00:00+00:00,0.000,1.985,5.737
2021-03-15T18:00:00+00:00,0.000,1.985,5.760
2021-03-16T00:00:00+00:00,0.300,0.000,5.498
2021-03-16T06:00:00+00:00,0.000,0.000,5.662
2021-03-16T12:00:00+00:00,0.000,1.916,5.830
2021-03-16T18:00:00+00:00,0.300,1.916,6.065
2021-03-17T00:00:00+00:00,0.400,0.000,6.658
2021-03-17T06:00:00+00:00,0.100,0.000,6.558
2021-03-17T12:00:00+00:00,0.200,1.908,6.533
2021-03-17T18:00:00+00:00,5.100,1.908,6.572
2021-03-18T00:00:00+00:00,0.200,0.000,6.437
2021-03-18T06:00:00+00:00,0.000,0.000,6.488
2021-03-18T12:00:00+00:00,0.000,1.923,6.770
2021-03-18T18:00:00+00:00,0.000,1.923,7.633
2021-03-19T00:00:00+00:00,0.000,0.000,8.780
