datahora,chuva_mm,chuva_wrf,obs_acum,wrf_acum,qsac_bru,qsac_anc,qsac_bru_novo,qsac_anc_novo,qgr5_bru,qgr5_anc
2019-05-20T00:00:00+00:00,0.000,0.000,0.000,0.000,7.134,5.290,6.906,8.174,5.203,5.337
2019-05-20T06:00:00+00:00,0.000,0.000,0.000,0.000,7.117,5.276,6.892,8.156,5.149,5.282
2019-05-20T12:00:00+00:00,0.000,0.000,0.000,0.000,7.099,5.263,6.878,8.139,5.097,5.229
2019-05-20T18:00:00+00:00,0.000,0.000,0.000,0.000,7.081,5.250,6.864,8.121,5.047,5.177
2019-05-21T00:00:00+00:00,0.000,0.000,0.000,0.000,7.063,5.237,6.851,8.104,4.998,5.127
2019-05-21T06:00:00+00:00,0.000,0.000,0.000,0.000,7.045,5.224,6.837,8.087,4.950,5.078
2019-05-21T12:00:00+00:00,0.050,0.050,0.050,0.050,7.029,5.212,6.828,8.075,4.905,5.032
2019-05-21T18:00:00+00:00,0.000,0.000,0.050,0.050,7.019,5.204,6.816,8.060,4.861,4.987
2019-05-22T00:00:00+00:00,0.000,0.000,0.050,0.050,7.007,5.195,6.803,8.043,4.819,4.943
2019-05-22T06:00:00+00:00,0.000,0.000,0.050,0.050,6.991,5.183,6.789,8.026,4.777,4.900
2019-05-22T12:00:00+00:00,0.000,0.000,0.050,0.050,6.970,5.168,6.775,8.009,4.737,4.860
2019-05-22T18:00:00+00:00,0.000,0.000,0.050,0.050,6.949,5.152,6.761,7.992,4.698,4.820
2019-05-23T00:00:00+00:00,0.000,0.000,0.050,0.050,6.929,5.137,6.748,7.974,4.660,4.781
2019-05-23T06:00:00+00:00,0.000,0.000,0.050,0.050,6.909,5.123,6.734,7.957,4.624,4.743
2019-05-23T12:00:00+00:00,1.810,1.810,1.860,1.860,6.935,5.142,6.882,8.103,4.631,4.751
2019-05-23T18:00:00+00:00,2.580,2.580,4.440,4.440,7.239,5.367,7.163,8.381,4.842,4.967
2019-05-24T00:00:00+00:00,15.130,15.130,19.570,19.570,8.199,6.079,8.595,9.910,5.976,6.131
2019-05-24T06:00:00+00:00,23.040,23.040,42.610,42.610,11.655,8.641,12.566,15.845,10.113,10.374
2019-05-24T12:00:00+00:00,0.690,0.690,43.300,43.300,18.953,14.052,14.579,18.691,18.467,18.944
2019-05-24T18:00:00+00:00,0.080,0.080,43.380,43.380,24.366,18.066,14.675,18.880,22.937,23.530
2019-05-25T00:00:00+00:00,0.000,0.000,43.380,43.380,24.552,18.203,14.163,18.203,17.744,18.203
2019-05-25T06:00:00+00:00,0.000,0.020,43.380,43.400,21.196,15.716,13.491,17.281,13.500,13.849
2019-05-25T12:00:00+00:00,0.000,0.000,43.380,43.400,16.954,12.570,12.780,16.294,11.856,12.162
2019-05-25T18:00:00+00:00,0.000,0.000,43.380,43.400,13.324,9.878,12.088,15.330,11.383,11.677
2019-05-26T00:00:00+00:00,0.000,0.000,43.380,43.400,10.736,7.960,11.446,14.433,10.954,11.237
2019-05-26T06:00:00+00:00,0.000,0.000,43.380,43.400,9.083,6.735,10.865,13.620,10.559,10.832
2019-05-26T12:00:00+00:00,0.000,0.000,43.380,43.400,8.098,6.004,10.348,12.896,10.198,10.461
2019-05-26T18:00:00+00:00,0.000,0.000,43.380,43.400,7.539,5.589,9.894,12.260,9.865,10.120
2019-05-27T00:00:00+00:00,0.000,0.000,43.380,43.400,7.199,5.338,9.499,11.706,9.556,9.803
2019-05-27T06:00:00+00:00,0.000,0.000,43.380,43.400,6.965,5.164,9.156,11.227,9.269,9.509
2019-05-27T12:00:00+00:00,0.050,0.000,43.430,43.400,6.917,5.128,8.861,10.813,9.003,9.236
2019-05-27T18:00:00+00:00,0.000,0.000,43.430,43.400,6.899,5.115,8.608,10.459,8.755,8.981
2019-05-28T00:00:00+00:00,0.000,0.000,43.430,43.400,6.881,5.102,8.390,10.155,8.522,8.743
2019-05-28T06:00:00+00:00,0.000,0.000,43.430,43.400,6.864,5.089,8.204,9.895,8.305,8.520
2019-05-28T12:00:00+00:00,0.000,0.070,43.430,43.470,6.848,5.078,8.051,9.679,8.102,8.311
2019-05-28T18:00:00+00:00,4.850,2.830,48.280,46.300,6.911,5.124,8.169,9.744,8.018,8.225
2019-05-29T00:00:00+00:00,4.530,6.950,52.810,53.250,7.499,5.560,8.851,10.406,8.650,8.874
2019-05-29T06:00:00+00:00,1.900,1.990,54.710,55.240,9.021,6.688,9.287,10.830,10.648,10.923
2019-05-29T12:00:00+00:00,0.140,4.000,54.850,59.240,10.615,7.870,9.931,11.486,12.694,13.022
2019-05-29T18:00:00+00:00,0.050,0.380,54.900,59.620,11.810,8.756,10.122,11.660,12.652,12.979
2019-05-30T00:00:00+00:00,0.000,0.240,54.900,59.860,12.040,8.927,10.034,11.546,11.978,12.288
2019-05-30T06:00:00+00:00,0.000,0.830,54.900,60.690,11.299,8.378,9.878,11.365,10.782,11.060
2019-05-30T12:00:00+00:00,0.110,2.100,55.010,62.790,10.341,7.667,9.879,11.350,10.299,10.566
2019-05-30T18:00:00+00:00,0.160,2.320,55.170,65.110,9.806,7.271,10.002,11.464,10.447,10.717
2019-05-31T00:00:00+00:00,1.160,0.920,56.330,66.030,9.759,7.235,10.038,11.490,10.801,11.080
2019-05-31T06:00:00+00:00,0.030,0.020,56.360,66.050,9.734,7.217,9.904,11.340,10.870,11.151
2019-05-31T12:00:00+00:00,0.050,0.010,56.410,66.060,9.370,6.947,9.678,11.095,10.431,10.700
2019-05-31T18:00:00+00:00,0.030,0.680,56.440,66.740,8.757,6.493,9.452,10.848,9.765,10.018
2019-06-01T00:00:00+00:00,6.440,0.120,62.880,66.860,8.200,6.080,9.195,10.554,9.294,9.535
